94
0 1 0.00265480768
0 2 0.368077783619
0 3 0.490685619685
0 4 0.596663405192
0 5 0.472466537432
0 6 0.532583782545
0 7 0.242933670676
0 8 0.574843799069
0 9 0.394953180186
0 10 0.346806832693
0 11 0.293481739939
0 12 0.381716611252
0 13 0.667380489355
0 14 0.384172709729
0 15 0.255135879681
0 16 0.665276790984
0 17 0.31167395554
0 18 0.241331207587
0 19 0.678315352368
0 20 0.68535810749
0 21 0.524712802155
0 22 0.195409004569
0 23 0.529496760057
0 24 0.373215072729
0 25 0.4330552194
0 26 0.158054942896
0 27 0.570903765406
0 28 0.721807467448
0 29 0.215823849023
0 30 0.0552428062395
0 31 0.402723351344
0 32 0.604296093756
0 33 0.266073757124
0 34 0.435762334155
0 35 0.276093421315
0 36 0.350227204785
0 37 0.302258843574
0 38 0.309353082644
0 39 0.180252402327
0 40 0.0161428280242
0 41 0.392523764362
0 42 0.356532042709
0 43 0.332977350871
0 44 0.585360895123
0 45 0.214117148519
0 46 0.634290654257
0 47 0.537704212984
0 48 0.627513027813
0 49 0.667594460044
0 50 0.095809461466
0 51 0.184313455309
0 52 0.567113439548
0 53 0.638045949183
0 54 0.082256422964
0 55 0.511678377705
0 56 0.151062237378
0 57 0.0658012481316
0 58 0.497359491761
0 59 0.318648121351
0 60 0.14144654584
0 61 0.217666879362
0 62 0.635835266604
0 63 0.147835357084
0 64 0.709134788877
0 65 0.11060330057
0 66 0.655997872162
0 67 0.542717190275
0 68 0.569557618361
0 69 0.458631570703
0 70 0.40729351146
0 71 0.0766676286899
0 72 0.213918958828
0 73 0.129922223164
0 74 0.493145840833
0 75 0.561763944327
0 76 0.337750849612
0 77 0.404800143102
0 78 0.214171241653
0 79 0.0600487012551
0 80 0.157536548155
0 81 0.234412054533
0 82 0.539601129212
0 83 0.632821799051
0 84 0.29271188778
0 85 0.405031440327
0 86 0.0940235600465
0 87 0.485483792525
0 88 0.364069046155
0 89 0.583300280632
0 90 0.600877240108
0 91 0.402200890071
0 92 0.440179204747
0 93 0.552545686114
1 2 0.00451316498716
1 3 0.453754855535
1 4 0.493075228008
1 5 0.485934889191
1 6 0.122151731684
1 7 0.00392189515917
1 8 0.221777762362
1 9 0.260310930395
1 10 0.258320452593
1 11 0.27846773541
1 12 0.0792974053658
1 13 0.179891846771
1 14 0.0638501091235
1 15 0.538829433299
1 16 0.231196866945
1 17 0.133148933167
1 18 0.221426005926
1 19 0.250689187259
1 20 0.19051956804
1 21 0.0101289729831
1 22 0.168006479263
1 23 0.433971814746
1 24 0.426171157261
1 25 0.515237334863
1 26 0.373590060679
1 27 0.144262291642
1 28 0.123575025537
1 29 0.272851379069
1 30 0.0428720603581
1 31 0.256578178011
1 32 0.0624700338675
1 33 0.0446190813522
1 34 0.18748079375
1 35 0.139884282637
1 36 0.203618676846
1 37 0.347433607805
1 38 0.159447912522
1 39 0.404952341955
1 40 0.120603368606
1 41 0.309631836457
1 42 0.190607081611
1 43 0.0888272094086
1 44 0.00858997729094
1 45 0.428704066925
1 46 0.146144119713
1 47 0.0372581744493
1 48 0.474134409322
1 49 0.392423921645
1 50 0.115469837572
1 51 0.26374682658
1 52 0.103584445909
1 53 0.0967893939184
1 54 0.157605874326
1 55 0.157409731613
1 56 0.304609934985
1 57 0.0857123181785
1 58 0.524760263265
1 59 0.279171950845
1 60 0.377170794994
1 61 0.19578141292
1 62 0.261117868888
1 63 0.52033577288
1 64 0.232837827289
1 65 0.366125565231
1 66 0.300713311373
1 67 0.38726946256
1 68 0.410403141884
1 69 0.244161692899
1 70 0.0102131027841
1 71 0.276738845197
1 72 0.293612018904
1 73 0.588660480426
1 74 0.20529133652
1 75 0.22423278785
1 76 0.414590509648
1 77 0.253580553562
1 78 0.0577591714753
1 79 0.164710533706
1 80 0.187369994211
1 81 0.399403350531
1 82 0.152914655871
1 83 0.293981277852
1 84 0.593913966745
1 85 0.244368345169
1 86 0.394026522073
1 87 0.161907868821
1 88 0.35070780711
1 89 0.175369071836
1 90 0.185174305116
1 91 0.412325200388
1 92 0.074889328599
1 93 0.122327019969
2 3 0.14394933152
2 4 0.216196561218
2 5 0.216392696007
2 6 0.546490671173
2 7 0.00596465233765
2 8 0.418193287251
2 9 0.0388571162771
2 10 0.197075059003
2 11 0.658643054867
2 12 0.553259435451
2 13 0.184459000964
2 14 0.0183780837379
2 15 0.0415082445976
2 16 0.547481514841
2 17 0.137852940446
2 18 0.0248278597139
2 19 0.458180333588
2 20 0.256036130346
2 21 0.16325657135
2 22 0.00279487046008
2 23 0.212894492309
2 24 0.224299260621
2 25 0.2439462506
2 26 0.36039555781
2 27 0.0749891859024
2 28 0.314476148617
2 29 0.305988527216
2 30 0.188400023218
2 31 0.382572713538
2 32 0.133205689446
2 33 0.396987761794
2 34 0.440293953647
2 35 0.489993585195
2 36 0.333183698781
2 37 0.221063561386
2 38 0.149515714766
2 39 0.361575040097
2 40 0.155738609753
2 41 0.0914388412313
2 42 0.125051194789
2 43 0.00278220867825
2 44 0.473019585707
2 45 0.14445062211
2 46 0.400538372366
2 47 0.309340364217
2 48 0.320285738259
2 49 0.322429399748
2 50 0.196948728625
2 51 0.399055924021
2 52 0.146333975107
2 53 0.0105352625559
2 54 0.18091451297
2 55 0.25534978939
2 56 0.0261609013718
2 57 0.0658168797253
2 58 0.231314821424
2 59 0.27861371668
2 60 0.059826938182
2 61 0.297718680591
2 62 0.531861124927
2 63 0.0168288171963
2 64 0.0190913061513
2 65 0.324043011871
2 66 0.0954647913144
2 67 0.189185711584
2 68 0.360409525912
2 69 0.471199601791
2 70 0.0505540174066
2 71 0.244950069876
2 72 0.186423693642
2 73 0.109688598019
2 74 0.137453719121
2 75 0.465187129867
2 76 0.343265908719
2 77 0.165966082865
2 78 0.349500524888
2 79 0.0151867826159
2 80 0.146495953461
2 81 0.0463032637345
2 82 0.394308794518
2 83 0.29148053088
2 84 0.337628850922
2 85 0.256821330002
2 86 0.105580961719
2 87 0.121330607637
2 88 0.269189581483
2 89 0.46564067247
2 90 0.485448260709
2 91 0.305682432818
2 92 0.27293604486
2 93 0.18223038564
3 4 0.858316814565
3 5 0.871395955499
3 6 0.434546045424
3 7 0.110583917858
3 8 0.683934914052
3 9 0.680974330383
3 10 0.280438881134
3 11 0.287556132897
3 12 0.175087260618
3 13 0.444249233545
3 14 0.517485603144
3 15 0.662305375163
3 16 0.50482923448
3 17 0.296940836466
3 18 0.362187197626
3 19 0.758569597242
3 20 0.551373759015
3 21 0.568562721373
3 22 0.220119839454
3 23 0.740434116707
3 24 0.736172724446
3 25 0.708544897595
3 26 0.564019274098
3 27 0.424656366483
3 28 0.662633174169
3 29 0.436613133817
3 30 0.422895187583
3 31 0.659333737341
3 32 0.533738977659
3 33 0.294963174928
3 34 0.59515375346
3 35 0.291573263295
3 36 0.472330610307
3 37 0.529444070575
3 38 0.113992506039
3 39 0.00951640260407
3 40 0.0832346754327
3 41 0.635850090337
3 42 0.605850499226
3 43 0.438450040411
3 44 0.426349123699
3 45 0.483896799229
3 46 0.609448189696
3 47 0.338269542469
3 48 0.838222523976
3 49 0.832795223665
3 50 0.285594586998
3 51 0.253645008327
3 52 0.697120228195
3 53 0.742704878532
3 54 0.105586775481
3 55 0.4813721658
3 56 0.481160097606
3 57 0.00571294963549
3 58 0.0344732273795
3 59 0.411604410422
3 60 0.133646291403
3 61 0.453726796087
3 62 0.353143436516
3 63 0.529784539067
3 64 0.798741044787
3 65 0.425765587756
3 66 0.688840328678
3 67 0.741573770802
3 68 0.748251191183
3 69 0.499705561401
3 70 0.274202809585
3 71 0.172344020617
3 72 0.0987050538109
3 73 0.451549582647
3 74 0.47076017201
3 75 0.693391754674
3 76 0.630290641704
3 77 0.620592167068
3 78 0.354486535229
3 79 0.406782511674
3 80 0.155600977959
3 81 0.377570132682
3 82 0.00169597087287
3 83 0.528953321937
3 84 0.679660808168
3 85 0.658374966789
3 86 0.24366545542
3 87 0.710501396507
3 88 0.544027578011
3 89 0.60440817794
3 90 0.687343527631
3 91 0.617437772318
3 92 0.260244156277
3 93 0.723771927701
4 5 0.934580999533
4 6 0.602647065359
4 7 0.3076256599
4 8 0.711926264919
4 9 0.658086042961
4 10 0.333217869764
4 11 0.395643227675
4 12 0.104869603003
4 13 0.515888750552
4 14 0.576480979281
4 15 0.616715216669
4 16 0.688636780485
4 17 0.328393775761
4 18 0.453015887313
4 19 0.794179842436
4 20 0.643064444202
4 21 0.721668418858
4 22 0.437205698181
4 23 0.731544064602
4 24 0.818479481641
4 25 0.555735077317
4 26 0.701767081344
4 27 0.509286488756
4 28 0.715622370467
4 29 0.482897332609
4 30 0.379753642836
4 31 0.609643224439
4 32 0.596524556605
4 33 0.427891556333
4 34 0.658806994513
4 35 0.309378953886
4 36 0.525011617878
4 37 0.663105122835
4 38 0.0675546683245
4 39 0.113154378456
4 40 0.113518454767
4 41 0.605811190027
4 42 0.545056884961
4 43 0.469306435312
4 44 0.559692572813
4 45 0.545914613938
4 46 0.746516541069
4 47 0.524123129431
4 48 0.901015370486
4 49 0.898425823218
4 50 0.0518656400222
4 51 0.241629990211
4 52 0.556108784005
4 53 0.644911736626
4 54 0.189661839425
4 55 0.624099235287
4 56 0.590291106161
4 57 0.0136991571908
4 58 0.0564538857815
4 59 0.543685064083
4 60 0.287261367333
4 61 0.514026595857
4 62 0.501542586763
4 63 0.618727185059
4 64 0.716775877592
4 65 0.52838206194
4 66 0.639001790705
4 67 0.816284133394
4 68 0.847733738749
4 69 0.355349369558
4 70 0.359488980664
4 71 0.10821173393
4 72 0.207408500304
4 73 0.508758927662
4 74 0.458961714244
4 75 0.80702878744
4 76 0.484935729821
4 77 0.724154544591
4 78 0.199872681473
4 79 0.46842539513
4 80 0.222527905718
4 81 0.376392164738
4 82 0.0120938859349
4 83 0.575995681021
4 84 0.62523741143
4 85 0.677220266657
4 86 0.219564655285
4 87 0.672517531305
4 88 0.496154923343
4 89 0.648919522227
4 90 0.689315269169
4 91 0.71016149254
4 92 0.228299474856
4 93 0.727614978186
5 6 0.558766453483
5 7 0.198579837342
5 8 0.611425390209
5 9 0.649060804908
5 10 0.318973627034
5 11 0.284175657889
5 12 0.0235121623087
5 13 0.432455451618
5 14 0.523490198353
5 15 0.66313795851
5 16 0.561416248542
5 17 0.212532688724
5 18 0.463008816579
5 19 0.749252575894
5 20 0.583401530346
5 21 0.667706124416
5 22 0.383863966855
5 23 0.708266233472
5 24 0.843825232808
5 25 0.620835845531
5 26 0.628194745195
5 27 0.403076698403
5 28 0.71708064514
5 29 0.591879154324
5 30 0.449745282267
5 31 0.599312868999
5 32 0.606965535609
5 33 0.292218779977
5 34 0.605217448327
5 35 0.389216558848
5 36 0.572658643309
5 37 0.570615417674
5 38 0.0983444357906
5 39 0.121429885604
5 40 0.246031705358
5 41 0.723268665849
5 42 0.679894460923
5 43 0.573867564624
5 44 0.574128354572
5 45 0.537328195791
5 46 0.673380736306
5 47 0.400975037953
5 48 0.874885534791
5 49 0.841034446712
5 50 0.160010767763
5 51 0.364435826482
5 52 0.525424690631
5 53 0.557764640649
5 54 0.0879892538167
5 55 0.600663159047
5 56 0.56370438283
5 57 0.0303392401303
5 58 0.0171647096094
5 59 0.491718814081
5 60 0.189838609666
5 61 0.537122355178
5 62 0.364728859636
5 63 0.649493491608
5 64 0.592928278581
5 65 0.600265374506
5 66 0.591327938806
5 67 0.796010718546
5 68 0.835922115603
5 69 0.343574761812
5 70 0.329376598191
5 71 0.0968637145438
5 72 0.188499107047
5 73 0.54762649706
5 74 0.474537855645
5 75 0.81760977108
5 76 0.579728533237
5 77 0.768160792151
5 78 0.206360730801
5 79 0.575213577751
5 80 0.251367537613
5 81 0.298649306834
5 82 0.0674052964348
5 83 0.490983298812
5 84 0.736021960457
5 85 0.61899460402
5 86 0.144780641471
5 87 0.711680535429
5 88 0.632457247101
5 89 0.522319279466
5 90 0.581450029985
5 91 0.723654095604
5 92 0.182518855418
5 93 0.709097860697
6 7 0.441208231571
6 8 0.542301201548
6 9 0.302277416235
6 10 0.344178396095
6 11 0.61210046253
6 12 0.202885469243
6 13 0.45960079914
6 14 0.148533139229
6 15 0.420123416529
6 16 0.752751604296
6 17 0.434581977766
6 18 0.514734461612
6 19 0.753328069445
6 20 0.647662934487
6 21 0.631307282652
6 22 0.288094826496
6 23 0.580921969959
6 24 0.645748256099
6 25 0.401666855428
6 26 0.463785697034
6 27 0.480128442059
6 28 0.441371412402
6 29 0.429250522993
6 30 0.214986469319
6 31 0.340897519935
6 32 0.567381148702
6 33 0.232086404859
6 34 0.736662535978
6 35 0.493432042869
6 36 0.524994925354
6 37 0.0989664715555
6 38 0.0439899159973
6 39 0.22671727202
6 40 0.0610977183475
6 41 0.292895027316
6 42 0.242249494433
6 43 0.215275325113
6 44 0.392941364281
6 45 0.594620128317
6 46 0.67840181919
6 47 0.781230871148
6 48 0.618608486444
6 49 0.578055221006
6 50 0.0329325334724
6 51 0.399364728437
6 52 0.190681929235
6 53 0.366425706328
6 54 0.315124719107
6 55 0.562032653301
6 56 0.525899381614
6 57 0.134475276037
6 58 0.236529402106
6 59 0.410944349008
6 60 0.344433697117
6 61 0.467967056707
6 62 0.779736384565
6 63 0.384196096428
6 64 0.373414254592
6 65 0.533348631437
6 66 0.438463739784
6 67 0.405381086315
6 68 0.597503464674
6 69 0.144905191541
6 70 0.614251288111
6 71 0.156318618917
6 72 0.0327470365616
6 73 0.479009544734
6 74 0.0862845046582
6 75 0.801351728055
6 76 0.348233325865
6 77 0.612859603812
6 78 0.150770023837
6 79 0.433913624429
6 80 0.371643190972
6 81 0.497441603477
6 82 0.397232654699
6 83 0.470224572985
6 84 0.584422893168
6 85 0.589526754641
6 86 0.106138729314
6 87 0.320167012085
6 88 0.27387152849
6 89 0.556211968266
6 90 0.599122384954
6 91 0.494425815686
6 92 0.298802271271
6 93 0.627266443531
7 8 0.0846293190063
7 9 0.319499733861
7 10 0.0855253375752
7 11 0.211035319412
7 12 0.0483475980218
7 13 0.275044556565
7 14 0.117905888607
7 15 0.39421140794
7 16 0.47683091711
7 17 0.313158724815
7 18 0.0982936954553
7 19 0.372288849482
7 20 0.0957055216802
7 21 0.328175628383
7 22 0.387804571518
7 23 0.287996940417
7 24 0.22211318877
7 25 0.0156351107911
7 26 0.398909019423
7 27 0.322450024647
7 28 0.201619770806
7 29 0.246755834936
7 30 0.103040290626
7 31 0.116755968104
7 32 0.436241168133
7 33 0.0390609846415
7 34 0.293941892769
7 35 0.201050437446
7 36 0.29608864111
7 37 0.223035957728
7 38 0.148632026769
7 39 0.0902916532344
7 40 0.0870280032198
7 41 0.0761994454108
7 42 0.0266939249346
7 43 0.254380684601
7 44 0.115614219023
7 45 0.489289839899
7 46 0.304975771986
7 47 0.64299628671
7 48 0.218862355117
7 49 0.218205979814
7 50 0.0351349701337
7 51 0.0877954215089
7 52 0.0592485554646
7 53 0.313506841711
7 54 0.0997905482463
7 55 0.386226493797
7 56 0.265907365073
7 57 0.122004009142
7 58 0.315964281254
7 59 0.05504021761
7 60 0.464310915157
7 61 0.452304369047
7 62 0.539582801145
7 63 0.523452641194
7 64 0.215312231505
7 65 0.389101226904
7 66 0.342806865231
7 67 0.225480781247
7 68 0.225409771053
7 69 0.2258427819
7 70 0.411984723101
7 71 0.348316820982
7 72 0.0737312851468
7 73 0.320134212656
7 74 0.031055774331
7 75 0.336149407683
7 76 0.178462136374
7 77 0.368852500915
7 78 0.111751570475
7 79 0.374381783902
7 80 0.339761736251
7 81 0.278461129971
7 82 0.156126967609
7 83 0.0484066400037
7 84 0.210743865365
7 85 0.122389721884
7 86 0.17996241022
7 87 0.185118741332
7 88 0.0707948566483
7 89 0.21425073147
7 90 0.185283724015
7 91 0.219031890717
7 92 0.151460128915
7 93 0.135024029383
8 9 0.433460385291
8 10 0.485059864194
8 11 0.467633166724
8 12 0.0228871129165
8 13 0.517594764929
8 14 0.656395319295
8 15 0.297384751558
8 16 0.672068521132
8 17 0.181541438305
8 18 0.348374329362
8 19 0.730042457486
8 20 0.676328461753
8 21 0.690946717285
8 22 0.29422711694
8 23 0.731423346687
8 24 0.537363543407
8 25 0.345049110555
8 26 0.507385007173
8 27 0.18894919533
8 28 0.614605854461
8 29 0.230554532992
8 30 0.19179872474
8 31 0.570097801989
8 32 0.311182251891
8 33 0.493193955559
8 34 0.698940018878
8 35 0.416953340258
8 36 0.288411258784
8 37 0.280415961985
8 38 0.232503189024
8 39 0.135133546321
8 40 0.0283637591193
8 41 0.607760541615
8 42 0.655438705231
8 43 0.278013445558
8 44 0.381547888504
8 45 0.349581682488
8 46 0.597889500795
8 47 0.439599562423
8 48 0.716244467297
8 49 0.729084456649
8 50 0.187497271486
8 51 0.135229982601
8 52 0.283825376367
8 53 0.415592149702
8 54 0.299439796836
8 55 0.420203693678
8 56 0.28936411137
8 57 0.124296842295
8 58 0.268405569782
8 59 0.470308840276
8 60 0.373002997114
8 61 0.283134251405
8 62 0.504051506697
8 63 0.238740043186
8 64 0.632369268243
8 65 0.399554646358
8 66 0.430192838766
8 67 0.700315934737
8 68 0.788680628616
8 69 0.602155093429
8 70 0.202678796751
8 71 0.0184681189835
8 72 0.192151514765
8 73 0.291343863423
8 74 0.29762867569
8 75 0.681548208441
8 76 0.530514140559
8 77 0.597052875277
8 78 0.372959766242
8 79 0.302809807795
8 80 0.240637298067
8 81 0.299247306409
8 82 0.17026100695
8 83 0.509487787492
8 84 0.44638949152
8 85 0.664090312577
8 86 0.107546673533
8 87 0.641893614626
8 88 0.501318537063
8 89 0.929483503179
8 90 0.945986457857
8 91 0.624286972289
8 92 0.0192210124693
8 93 0.64419543478
9 10 0.110939054594
9 11 0.0558259271632
9 12 0.233605859857
9 13 0.535467560756
9 14 0.461209741307
9 15 0.53736014744
9 16 0.378848188563
9 17 0.236037345779
9 18 0.242229410514
9 19 0.530142997908
9 20 0.355763994709
9 21 0.524482617782
9 22 0.135865543187
9 23 0.52700481847
9 24 0.426541607741
9 25 0.294905630519
9 26 0.367340555188
9 27 0.484670617388
9 28 0.391294643959
9 29 0.339297090347
9 30 0.334075360898
9 31 0.411695422169
9 32 0.706993367256
9 33 0.250084931111
9 34 0.254706180253
9 35 0.0904474203272
9 36 0.295923459188
9 37 0.608736146289
9 38 0.192247523026
9 39 0.212231227841
9 40 0.0669349650726
9 41 0.386197978802
9 42 0.45256977112
9 43 0.605478580535
9 44 0.222195540109
9 45 0.276978626953
9 46 0.492321242956
9 47 0.442661397589
9 48 0.462443233061
9 49 0.467725050337
9 50 0.0370547183038
9 51 0.0500605669575
9 52 0.591452306663
9 53 0.627591756094
9 54 0.283987577182
9 55 0.516929639796
9 56 0.540646931617
9 57 0.136748459678
9 58 0.0544031220876
9 59 0.135872549522
9 60 0.157064471766
9 61 0.387580151753
9 62 0.345741808653
9 63 0.640769469908
9 64 0.665044832097
9 65 0.303154534365
9 66 0.604369172113
9 67 0.674275832983
9 68 0.596605271807
9 69 0.367606998111
9 70 0.297986269279
9 71 0.31101231218
9 72 0.0329272617563
9 73 0.259937791794
9 74 0.55809203295
9 75 0.507055662079
9 76 0.240748435957
9 77 0.591257859919
9 78 0.0146303330081
9 79 0.262956581976
9 80 0.372612842925
9 81 0.309913476783
9 82 0.179264109531
9 83 0.429989756533
9 84 0.442394132956
9 85 0.332840911758
9 86 0.323884702165
9 87 0.532732408051
9 88 0.543461992501
9 89 0.4997903185
9 90 0.508729240522
9 91 0.515259078649
9 92 0.165672684309
9 93 0.499030699166
10 11 0.311765756688
10 12 0.181862197788
10 13 0.140535789942
10 14 0.284542516609
10 15 0.0411233863062
10 16 0.246841963856
10 17 0.165128434632
10 18 0.296911785825
10 19 0.432880896444
10 20 0.522545102324
10 21 0.292239769612
10 22 0.259455861739
10 23 0.458815053005
10 24 0.255769305091
10 25 0.177284640429
10 26 0.12351280623
10 27 0.13921894503
10 28 0.342615073297
10 29 0.24502919151
10 30 0.0432470021881
10 31 0.383833965791
10 32 0.159734901408
10 33 0.139367161536
10 34 0.312844023859
10 35 0.01499806932
10 36 0.0687287925566
10 37 0.249878979163
10 38 0.308901147528
10 39 0.320236602393
10 40 0.133460697166
10 41 0.39116702645
10 42 0.424807833618
10 43 0.081433159886
10 44 0.257025893885
10 45 0.020056737916
10 46 0.187352154928
10 47 0.260356187911
10 48 0.375917837804
10 49 0.31740354143
10 50 0.177174669458
10 51 0.0597222905376
10 52 0.0949959634118
10 53 0.256070985035
10 54 0.0653124417915
10 55 0.0764594289661
10 56 0.0195255476238
10 57 0.322334957433
10 58 0.228185752644
10 59 0.0535214738859
10 60 0.436059148622
10 61 0.116261763104
10 62 0.233878548279
10 63 0.102645694023
10 64 0.233734951929
10 65 0.146932691059
10 66 0.24279700712
10 67 0.305503179398
10 68 0.385130061448
10 69 0.347861216007
10 70 0.114589830685
10 71 0.330845725603
10 72 0.0511170969692
10 73 0.0869874591339
10 74 0.21385927421
10 75 0.498387856649
10 76 0.40236770942
10 77 0.38904219568
10 78 0.346796420412
10 79 0.0362302789379
10 80 0.210012238177
10 81 0.122916054767
10 82 0.4742837925
10 83 0.265142609325
10 84 0.178070893405
10 85 0.187722124779
10 86 0.00102559511174
10 87 0.282919879671
10 88 0.364368263563
10 89 0.264641659462
10 90 0.312117616019
10 91 0.425397720242
10 92 0.375655229912
10 93 0.239057415817
11 12 0.333581772581
11 13 0.226886313349
11 14 0.00579288378687
11 15 0.197820737297
11 16 0.599212618369
11 17 0.286412183692
11 18 0.168474857076
11 19 0.547560237838
11 20 0.430981262167
11 21 0.250734821421
11 22 0.00722306398768
11 23 0.37345220058
11 24 0.453183809492
11 25 0.29465472907
11 26 0.622621278656
11 27 0.18572010927
11 28 0.301217920214
11 29 0.143656359944
11 30 0.0729227037655
11 31 0.518802428325
11 32 0.131456384216
11 33 0.294035380828
11 34 0.527855167023
11 35 0.37575313596
11 36 0.238585443905
11 37 0.131284035166
11 38 0.0156128302518
11 39 0.302256234606
11 40 0.202950481164
11 41 0.0125639113197
11 42 0.0161047552777
11 43 0.275138468891
11 44 0.254873609223
11 45 0.376408196889
11 46 0.551028975097
11 47 0.503448061186
11 48 0.402267852776
11 49 0.368661795319
11 50 0.11730303623
11 51 0.279823493081
11 52 0.0971345859163
11 53 0.153113797159
11 54 0.14177401113
11 55 0.359836911805
11 56 0.260623151775
11 57 0.0489261285539
11 58 0.0401188164785
11 59 0.306783627782
11 60 0.32340555808
11 61 0.370008793427
11 62 0.597181424713
11 63 0.229985884134
11 64 0.224119775865
11 65 0.499173056662
11 66 0.0748546813363
11 67 0.0929482266876
11 68 0.29002357343
11 69 0.231048000152
11 70 0.228168084736
11 71 0.206193892921
11 72 0.0155105011918
11 73 0.454044917991
11 74 0.0467900114565
11 75 0.570650548537
11 76 0.455152927988
11 77 0.256976560523
11 78 0.44863432395
11 79 0.0666398723931
11 80 0.265025013853
11 81 0.174039807654
11 82 0.197475619802
11 83 0.318026814006
11 84 0.300750341708
11 85 0.337310819578
11 86 0.257512367043
11 87 0.0398217082405
11 88 0.0796345809225
11 89 0.446754075712
11 90 0.466765290791
11 91 0.253247703824
11 92 0.207874827841
11 93 0.366533101911
12 13 0.068403535702
12 14 0.0691242607826
12 15 0.243591532097
12 16 0.264229949638
12 17 0.294134821067
12 18 0.260818661076
12 19 0.201879760171
12 20 0.241986329975
12 21 0.0351762362595
12 22 0.0285682624436
12 23 0.0453062260747
12 24 0.0410707549171
12 25 0.0150139620594
12 26 0.0583889375916
12 27 0.0289217820431
12 28 0.0779899112637
12 29 0.23270028554
12 30 0.0833752629294
12 31 0.131273050789
12 32 0.0914034409636
12 33 0.191849165568
12 34 0.015613376813
12 35 0.00707288533007
12 36 0.0857620580144
12 37 0.0613352553177
12 38 0.0379745173745
12 39 0.227113607076
12 40 0.0462630603193
12 41 0.0282595811592
12 42 0.139937795535
12 43 0.09321803209
12 44 0.385890676823
12 45 0.0109076988841
12 46 0.174685588274
12 47 0.0926599860299
12 48 0.0999638172186
12 49 0.132783932171
12 50 0.0805580919865
12 51 0.00133102315531
12 52 0.0571659121534
12 53 0.0813936728257
12 54 0.17635595167
12 55 0.20548385122
12 56 0.0722901420505
12 57 0.0107956323208
12 58 0.0279674683554
12 59 0.0643394654904
12 60 0.0108138163332
12 61 0.121739432494
12 62 0.338397694994
12 63 0.130053644322
12 64 0.174247788413
12 65 0.147858930962
12 66 0.0679227820475
12 67 0.0256502358502
12 68 0.0276824935601
12 69 0.10596232185
12 70 0.0904817238288
12 71 0.402774486132
12 72 0.157086734377
12 73 0.059490989703
12 74 0.0229920851097
12 75 0.0608945522421
12 76 0.0572352303557
12 77 0.0450110547897
12 78 0.0281404344721
12 79 0.193222728954
12 80 0.0283015343292
12 81 0.205127135569
12 82 0.390627388892
12 83 0.0937208866686
12 84 0.0398872611858
12 85 0.0727049679192
12 86 0.333623870715
12 87 0.171644491256
12 88 0.0424501598445
12 89 0.00422769119134
12 90 0.025354207111
12 91 0.0927252038557
12 92 0.238277803794
12 93 0.224457903379
13 14 0.488212394893
13 15 0.223242224695
13 16 0.491927319216
13 17 0.281177514169
13 18 0.160584379663
13 19 0.612566247283
13 20 0.525163200299
13 21 0.571289319346
13 22 0.237683893617
13 23 0.346179645905
13 24 0.504403226835
13 25 0.152712680629
13 26 0.311665543675
13 27 0.508499529614
13 28 0.525196999584
13 29 0.28325196923
13 30 0.250356939426
13 31 0.35633566646
13 32 0.582045833317
13 33 0.569438175212
13 34 0.393178186296
13 35 0.248063374525
13 36 0.156127190025
13 37 0.329870099695
13 38 0.0671018496243
13 39 0.0683969662362
13 40 0.0348580603824
13 41 0.31754542793
13 42 0.320960021888
13 43 0.385481079156
13 44 0.286692754228
13 45 0.274759715091
13 46 0.735762434945
13 47 0.442420345998
13 48 0.457772964259
13 49 0.521620419773
13 50 0.0593799183437
13 51 0.115871630728
13 52 0.344250548753
13 53 0.439905656611
13 54 0.0950080390142
13 55 0.703089873542
13 56 0.432636300511
13 57 0.222201150278
13 58 0.424419670759
13 59 0.177200429796
13 60 0.0973403357868
13 61 0.309960418471
13 62 0.415651656766
13 63 0.422013064866
13 64 0.543162281408
13 65 0.0954925936844
13 66 0.400374706494
13 67 0.334949326831
13 68 0.41265150717
13 69 0.32351901477
13 70 0.490098095816
13 71 0.369369956076
13 72 0.386913821914
13 73 0.0176795248196
13 74 0.563499464804
13 75 0.512975476932
13 76 0.157906400193
13 77 0.441201847455
13 78 0.302618378196
13 79 0.302392489921
13 80 0.449607624732
13 81 0.205721447263
13 82 0.0941330414799
13 83 0.493032562757
13 84 0.159446320687
13 85 0.360957406212
13 86 0.125351134559
13 87 0.415462562039
13 88 0.174953133322
13 89 0.544800495093
13 90 0.545704549284
13 91 0.421315392236
13 92 0.100027221735
13 93 0.619498287434
14 15 0.0286366023851
14 16 0.270326250203
14 17 0.241193392224
14 18 0.150247142272
14 19 0.479472468407
14 20 0.496069322107
14 21 0.754394166046
14 22 0.190031493266
14 23 0.419506621526
14 24 0.33685113698
14 25 0.0135295169322
14 26 0.311609470919
14 27 0.164800539128
14 28 0.468911744347
14 29 0.0423230757658
14 30 0.146581122353
14 31 0.373379321373
14 32 0.196596913701
14 33 0.399989344045
14 34 0.363805923437
14 35 0.261442557389
14 36 0.0714687221132
14 37 0.545126000302
14 38 0.0370546890354
14 39 0.0395083245041
14 40 0.089052206318
14 41 0.573884286343
14 42 0.604845079468
14 43 0.366122672249
14 44 0.344626931458
14 45 0.0612489180572
14 46 0.391046030138
14 47 0.192918318948
14 48 0.459604961126
14 49 0.494725865124
14 50 0.0224949278181
14 51 0.152372317067
14 52 0.43421117499
14 53 0.40079817079
14 54 0.105339956003
14 55 0.275602814548
14 56 0.317429548158
14 57 0.216307275038
14 58 0.166606274524
14 59 0.259651806554
14 60 0.0782424027729
14 61 0.112357169569
14 62 0.00768359802264
14 63 0.0600468000799
14 64 0.501046242615
14 65 0.0233409572417
14 66 0.329679602165
14 67 0.621911000268
14 68 0.526167430734
14 69 0.261850984635
14 70 0.0631362977984
14 71 0.22139080533
14 72 0.409411267317
14 73 0.00192708489775
14 74 0.409658018397
14 75 0.416908897381
14 76 0.343573325737
14 77 0.487364036144
14 78 0.240578024187
14 79 0.241680647309
14 80 0.0718232480558
14 81 0.155355452428
14 82 0.194373926216
14 83 0.335639903872
14 84 0.0824019958567
14 85 0.486173638697
14 86 0.0399988684017
14 87 0.686480852899
14 88 0.30552260276
14 89 0.55624364329
14 90 0.566935783082
14 91 0.545387644474
14 92 0.233855038647
14 93 0.492452546286
15 16 0.45580551196
15 17 0.277326576349
15 18 0.452605842104
15 19 0.479989158714
15 20 0.189957954539
15 21 0.334988044872
15 22 0.416788795011
15 23 0.45055834112
15 24 0.682525674154
15 25 0.743131406585
15 26 0.495387322596
15 27 0.416201740374
15 28 0.403848905323
15 29 0.374800837642
15 30 0.127642188178
15 31 0.33740360375
15 32 0.41893977175
15 33 0.171733351221
15 34 0.357433974321
15 35 0.0908805701687
15 36 0.432375452558
15 37 0.344507399322
15 38 0.262717742633
15 39 0.181030820526
15 40 0.123228045031
15 41 0.303231887399
15 42 0.343974977591
15 43 0.33493310604
15 44 0.205711940313
15 45 0.554483342415
15 46 0.47630340168
15 47 0.311044384251
15 48 0.627318887685
15 49 0.605856978379
15 50 0.0125258291848
15 51 0.0420506479992
15 52 0.309580231961
15 53 0.488487062614
15 54 0.157155256471
15 55 0.346569030831
15 56 0.514515281446
15 57 0.0315450346401
15 58 0.0775435411575
15 59 0.175879476746
15 60 0.238192197834
15 61 0.684472121593
15 62 0.388616842082
15 63 0.71053559593
15 64 0.528243138435
15 65 0.615606988405
15 66 0.543295731629
15 67 0.492124446462
15 68 0.575513565603
15 69 0.0614639867615
15 70 0.256363528044
15 71 0.174853969657
15 72 0.19114220995
15 73 0.56699450654
15 74 0.138465418342
15 75 0.51382168043
15 76 0.51266662563
15 77 0.505746574812
15 78 0.0898633873814
15 79 0.466195299232
15 80 0.154124040778
15 81 0.533460816183
15 82 0.149765745789
15 83 0.32953007663
15 84 0.785314982831
15 85 0.455077180959
15 86 0.320682201852
15 87 0.504421109131
15 88 0.365106652631
15 89 0.343159327836
15 90 0.333268451562
15 91 0.379096962944
15 92 0.390888747364
15 93 0.447085804474
16 17 0.341748188061
16 18 0.301371270697
16 19 0.728798418894
16 20 0.544576415372
16 21 0.638329464559
16 22 0.405645952887
16 23 0.59723763131
16 24 0.542257106832
16 25 0.307969797351
16 26 0.664209169002
16 27 0.489295367849
16 28 0.63359547103
16 29 0.305788363525
16 30 0.202678508982
16 31 0.484906003081
16 32 0.517643992798
16 33 0.431495339688
16 34 0.640069015007
16 35 0.33596949252
16 36 0.639878656034
16 37 0.261476375254
16 38 0.114890270787
16 39 0.0408212659758
16 40 0.184204782603
16 41 0.371790852551
16 42 0.26816344463
16 43 0.308530812239
16 44 0.510244611087
16 45 0.509826936594
16 46 0.635696804167
16 47 0.682757329865
16 48 0.754780012537
16 49 0.715073476551
16 50 0.00887443593921
16 51 0.120441503809
16 52 0.223478134026
16 53 0.38477643283
16 54 0.235374642834
16 55 0.624503152951
16 56 0.240943546317
16 57 0.0281519051553
16 58 0.403956765274
16 59 0.404184967875
16 60 0.492816982869
16 61 0.518993812871
16 62 0.791468494298
16 63 0.371747673734
16 64 0.572587113229
16 65 0.53844272364
16 66 0.570696404644
16 67 0.631976191746
16 68 0.719718678715
16 69 0.390562200544
16 70 0.500790455894
16 71 0.0187320594613
16 72 0.067027214151
16 73 0.363565594829
16 74 0.0876711982508
16 75 0.685314199559
16 76 0.443398871411
16 77 0.543443371052
16 78 0.0888307671869
16 79 0.250340333651
16 80 0.392961017869
16 81 0.456875266286
16 82 0.323843382648
16 83 0.569392302276
16 84 0.525464032036
16 85 0.493443893866
16 86 0.189593320652
16 87 0.311192886
16 88 0.34165221253
16 89 0.760419387455
16 90 0.731670737003
16 91 0.633770315968
16 92 0.352521795439
16 93 0.534405891389
17 18 0.551683146474
17 19 0.276830320355
17 20 0.423802983495
17 21 0.502300426271
17 22 0.0959681954274
17 23 0.116053934597
17 24 0.358757183226
17 25 0.103216984056
17 26 0.24358056884
17 27 0.404599727919
17 28 0.224090059935
17 29 0.188419880836
17 30 0.155905550436
17 31 0.10770849418
17 32 0.360069263035
17 33 0.0611687138867
17 34 0.258852124147
17 35 0.149198563077
17 36 0.19598325762
17 37 0.408773942474
17 38 0.0769723020068
17 39 0.267261012269
17 40 0.0968750452545
17 41 0.10042295711
17 42 0.0824555602672
17 43 0.168022888137
17 44 0.0793811866477
17 45 0.097715399613
17 46 0.382674178847
17 47 0.616352427905
17 48 0.273886697045
17 49 0.246706595538
17 50 0.027549082245
17 51 0.214982135476
17 52 0.384241900875
17 53 0.52543421668
17 54 0.0454528132946
17 55 0.219104125504
17 56 0.402522452491
17 57 0.272958629011
17 58 0.149730630892
17 59 0.155316116484
17 60 0.0860647516394
17 61 0.348795801322
17 62 0.237466454512
17 63 0.0922778532868
17 64 0.554447186537
17 65 0.213654052556
17 66 0.373195240109
17 67 0.0505774975231
17 68 0.0880045191087
17 69 0.248273755986
17 70 0.339890603518
17 71 0.0233504955069
17 72 0.418597269639
17 73 0.147923060765
17 74 0.0352488536067
17 75 0.443081124289
17 76 0.203807251522
17 77 0.315050805534
17 78 0.00977399020214
17 79 0.00463697980264
17 80 0.133963985593
17 81 0.157706884171
17 82 0.0346562391915
17 83 0.350398912546
17 84 0.0355480740383
17 85 0.271757403158
17 86 0.257193625507
17 87 0.272667090452
17 88 0.248786685258
17 89 0.152834359458
17 90 0.165995691844
17 91 0.0698039842481
17 92 0.261808857547
17 93 0.557688440361
18 19 0.234237582374
18 20 0.467773956121
18 21 0.463073807598
18 22 0.232252908903
18 23 0.230235994882
18 24 0.549747549333
18 25 0.362157070402
18 26 0.188793009162
18 27 0.201251999713
18 28 0.381118029957
18 29 0.152741501561
18 30 0.151800614468
18 31 0.00262086830678
18 32 0.311174683136
18 33 0.106824433251
18 34 0.398922869038
18 35 0.357009773448
18 36 0.444056560735
18 37 0.224703934082
18 38 0.0791754338438
18 39 0.00280478821173
18 40 0.147881306492
18 41 0.220587633483
18 42 0.237831315454
18 43 0.153772464584
18 44 0.0706839983375
18 45 0.212348983463
18 46 0.329774549483
18 47 0.413682051646
18 48 0.455216479016
18 49 0.390701271357
18 50 0.0224957612487
18 51 0.278772542396
18 52 0.0768706577307
18 53 0.193325497978
18 54 0.128600767405
18 55 0.348085340892
18 56 0.450168993277
18 57 0.166587311012
18 58 0.0155702814375
18 59 0.504398953178
18 60 0.0655884246862
18 61 0.462429414316
18 62 0.165622166465
18 63 0.336820868354
18 64 0.344353959698
18 65 0.442352419134
18 66 0.317941704251
18 67 0.232011481143
18 68 0.420122368159
18 69 0.025808027522
18 70 0.226295820283
18 71 0.157581201309
18 72 0.326088795645
18 73 0.264220180012
18 74 0.0163688373272
18 75 0.562361685536
18 76 0.298291119395
18 77 0.555768901092
18 78 0.145066514013
18 79 0.216428317919
18 80 0.0794066539154
18 81 0.360080382436
18 82 0.0134613716106
18 83 0.442320113226
18 84 0.302929979421
18 85 0.310993742475
18 86 0.126218879383
18 87 0.526285091751
18 88 0.0455107018101
18 89 0.267839396167
18 90 0.267347654628
18 91 0.257993233713
18 92 0.194643807786
18 93 0.729931869132
19 20 0.699499413067
19 21 0.716301614432
19 22 0.208456237336
19 23 0.849051402849
19 24 0.640939977397
19 25 0.544832498991
19 26 0.5455985283
19 27 0.457448202976
19 28 0.674530128724
19 29 0.378763677864
19 30 0.289114246659
19 31 0.63682879208
19 32 0.596539366757
19 33 0.328593056999
19 34 0.740715363737
19 35 0.355212697924
19 36 0.493551984472
19 37 0.363769783443
19 38 0.0623603217493
19 39 0.191517848282
19 40 0.0283515431708
19 41 0.615497503286
19 42 0.538093535079
19 43 0.453428990996
19 44 0.531123970966
19 45 0.584190746288
19 46 0.762981066827
19 47 0.657747160422
19 48 0.781313615343
19 49 0.783447120276
19 50 0.0754566296516
19 51 0.29138886142
19 52 0.468144918725
19 53 0.631889987468
19 54 0.146501793637
19 55 0.627018960189
19 56 0.479167240808
19 57 0.0490998537643
19 58 0.276040773715
19 59 0.314727503915
19 60 0.37744323969
19 61 0.425834610804
19 62 0.729664258431
19 63 0.4997934769
19 64 0.638573713093
19 65 0.389925555647
19 66 0.696251316277
19 67 0.695498905517
19 68 0.744511487658
19 69 0.453463019012
19 70 0.441106746611
19 71 0.0941506467477
19 72 0.0395441541901
19 73 0.47834039745
19 74 0.44291139916
19 75 0.819638932502
19 76 0.555047228194
19 77 0.721061829619
19 78 0.454480406804
19 79 0.477878092091
19 80 0.346008583384
19 81 0.335155241369
19 82 0.295785548402
19 83 0.51621977294
19 84 0.668911803255
19 85 0.630278508516
19 86 0.13763741211
19 87 0.473055488053
19 88 0.545957111495
19 89 0.706522630975
19 90 0.777248390923
19 91 0.70506984922
19 92 0.239543993306
19 93 0.644544649725
20 21 0.664833644592
20 22 0.0184448859557
20 23 0.68427130995
20 24 0.593971584639
20 25 0.330265477178
20 26 0.195794525227
20 27 0.264713253447
20 28 0.474944105862
20 29 0.245370545224
20 30 0.106956923766
20 31 0.418885950026
20 32 0.447090573673
20 33 0.101898146159
20 34 0.439148097093
20 35 0.478943689714
20 36 0.32321706024
20 37 0.247402528164
20 38 0.0374386709341
20 39 0.198186520415
20 40 0.0883141167699
20 41 0.545621672168
20 42 0.492685565603
20 43 0.133206098449
20 44 0.371357452673
20 45 0.394479509876
20 46 0.657997785751
20 47 0.622221902733
20 48 0.613177731868
20 49 0.589229160376
20 50 0.0444594897982
20 51 0.242953619261
20 52 0.454306846636
20 53 0.439879225045
20 54 0.0490593282497
20 55 0.609447034968
20 56 0.508087913476
20 57 0.12204421724
20 58 0.178851408703
20 59 0.39034694591
20 60 0.205807293368
20 61 0.0833655044053
20 62 0.570291609274
20 63 0.199746198719
20 64 0.555582659245
20 65 0.229517296089
20 66 0.546462127626
20 67 0.435472130202
20 68 0.495264605227
20 69 0.299236859376
20 70 0.380772841537
20 71 0.390079087356
20 72 0.224636875456
20 73 0.37669195662
20 74 0.503971569061
20 75 0.689079813391
20 76 0.431675174565
20 77 0.70524685016
20 78 0.138521244178
20 79 0.223654391907
20 80 0.215520560861
20 81 0.282336078834
20 82 0.263926410655
20 83 0.590375037847
20 84 0.324340183777
20 85 0.474402278825
20 86 0.0693289046851
20 87 0.469295066697
20 88 0.418805216292
20 89 0.53838414053
20 90 0.606821757992
20 91 0.4783102299
20 92 0.231612102181
20 93 0.660538330016
21 22 0.329265464711
21 23 0.589427225329
21 24 0.568927869002
21 25 0.161390308952
21 26 0.458227478424
21 27 0.440578833793
21 28 0.600290692664
21 29 0.0617222717033
21 30 0.0323201482023
21 31 0.246648293283
21 32 0.469665612365
21 33 0.359244980277
21 34 0.67136961227
21 35 0.39896224895
21 36 0.468844587469
21 37 0.488311658059
21 38 0.175680093295
21 39 0.104120708745
21 40 0.160981490489
21 41 0.592788051308
21 42 0.586875941453
21 43 0.476085377081
21 44 0.30654482304
21 45 0.34713024046
21 46 0.595519913335
21 47 0.680041246144
21 48 0.630445363248
21 49 0.602945462173
21 50 0.0660721790201
21 51 0.295160987276
21 52 0.36199631192
21 53 0.423394484673
21 54 0.151751825113
21 55 0.551594338223
21 56 0.536835327535
21 57 0.254904253871
21 58 0.280286442025
21 59 0.457990166781
21 60 0.270735147064
21 61 0.361324455614
21 62 0.438922031775
21 63 0.358410015383
21 64 0.608247674628
21 65 0.418506599032
21 66 0.596010289428
21 67 0.686381918753
21 68 0.686736467776
21 69 0.103574479646
21 70 0.277235249816
21 71 0.167344015569
21 72 0.331600541528
21 73 0.377119113172
21 74 0.221550287313
21 75 0.704636261287
21 76 0.421538329221
21 77 0.724760118237
21 78 0.167353141663
21 79 0.500879065913
21 80 0.120163314728
21 81 0.189048328818
21 82 0.0145014234056
21 83 0.414122219618
21 84 0.381067238988
21 85 0.560989448447
21 86 0.0184498209587
21 87 0.577495506129
21 88 0.307168412888
21 89 0.684464180117
21 90 0.706330055448
21 91 0.684130845803
21 92 0.0565228090112
21 93 0.716601711222
22 23 0.101988357361
22 24 0.47470692476
22 25 0.177305590634
22 26 0.41119845734
22 27 0.135805133845
22 28 0.324450463784
22 29 0.404657178341
22 30 0.15802757907
22 31 0.0648967555343
22 32 0.19143370514
22 33 0.32398512405
22 34 0.360011056298
22 35 0.22762572586
22 36 0.0765416198398
22 37 0.225389067867
22 38 0.0440917612444
22 39 0.270015278241
22 40 0.00132202023341
22 41 0.253124369978
22 42 0.280167464735
22 43 0.250691259489
22 44 0.316685197667
22 45 0.348302342385
22 46 0.315390124268
22 47 0.114376225529
22 48 0.486897024378
22 49 0.52689845599
22 50 0.0119340725269
22 51 0.226669512403
22 52 0.00680675422616
22 53 0.138686658286
22 54 0.0537931997441
22 55 0.0534373053529
22 56 0.071098878423
22 57 0.106355893226
22 58 0.00335966377826
22 59 0.180554865
22 60 0.193151274573
22 61 0.332925968689
22 62 0.13439927868
22 63 0.322212224715
22 64 0.208438033917
22 65 0.369309731603
22 66 0.166524302031
22 67 0.399580142753
22 68 0.48842772879
22 69 0.103467786467
22 70 0.308995405361
22 71 0.192816131596
22 72 0.379751340856
22 73 0.0639963190946
22 74 0.116651674196
22 75 0.342080605943
22 76 0.0165751143312
22 77 0.187557628456
22 78 0.0432980310641
22 79 0.456468412739
22 80 0.13809124066
22 81 0.163545549051
22 82 0.0520550267307
22 83 0.0336917266487
22 84 0.259169609026
22 85 0.362247103398
22 86 0.137951274975
22 87 0.286699635188
22 88 0.0287975484272
22 89 0.241739196531
22 90 0.213959216974
22 91 0.35289118881
22 92 0.201490154557
22 93 0.133573047
23 24 0.494490001226
23 25 0.530743518101
23 26 0.395886958194
23 27 0.270955975113
23 28 0.586306529888
23 29 0.340990735808
23 30 0.264369823688
23 31 0.612665086818
23 32 0.506951155387
23 33 0.0579259285637
23 34 0.604892894011
23 35 0.303318431761
23 36 0.473906700222
23 37 0.329129031508
23 38 0.189747355713
23 39 0.0920619879839
23 40 0.0602548772598
23 41 0.733558873831
23 42 0.630612241193
23 43 0.496888972479
23 44 0.379419901321
23 45 0.589927335253
23 46 0.516306904436
23 47 0.507864365665
23 48 0.697019193993
23 49 0.661610728006
23 50 0.0738807290351
23 51 0.153149618664
23 52 0.464263097736
23 53 0.560795325069
23 54 0.139556952105
23 55 0.509167146016
23 56 0.365887798586
23 57 0.0611668403838
23 58 0.171319063939
23 59 0.25620132287
23 60 0.604084335783
23 61 0.212723753415
23 62 0.627157003899
23 63 0.4719973734
23 64 0.594201694355
23 65 0.410558480714
23 66 0.616577689594
23 67 0.76980747881
23 68 0.764078682389
23 69 0.492722979617
23 70 0.407633409859
23 71 0.015937376251
23 72 0.110060172921
23 73 0.576898153532
23 74 0.497164003584
23 75 0.667287423855
23 76 0.549010323522
23 77 0.730588027546
23 78 0.297493519117
23 79 0.407192983894
23 80 0.408870517608
23 81 0.512358464147
23 82 0.259415229177
23 83 0.375720067495
23 84 0.694183534691
23 85 0.525026743347
23 86 0.163115834988
23 87 0.437423440028
23 88 0.735542843756
23 89 0.6743611805
23 90 0.737270981358
23 91 0.602099042276
23 92 0.156352443696
23 93 0.522721879103
24 25 0.581876873372
24 26 0.658159315478
24 27 0.361548727092
24 28 0.499985484595
24 29 0.613962586376
24 30 0.420420612953
24 31 0.492376902066
24 32 0.421408695404
24 33 0.404115460178
24 34 0.555054750454
24 35 0.30160353532
24 36 0.425718760702
24 37 0.393673170061
24 38 0.2732837104
24 39 0.0815976423848
24 40 0.197697681494
24 41 0.456924565518
24 42 0.433635352149
24 43 0.213277695017
24 44 0.393132498052
24 45 0.613993050005
24 46 0.751090158472
24 47 0.393687636949
24 48 0.798963092771
24 49 0.784293560313
24 50 0.191204682608
24 51 0.238365439056
24 52 0.34369144351
24 53 0.424438742041
24 54 0.0545288929534
24 55 0.614632867842
24 56 0.705965385588
24 57 0.0431493834828
24 58 0.0407383153499
24 59 0.460209897385
24 60 0.0162292847056
24 61 0.571583707406
24 62 0.365491298661
24 63 0.616415030347
24 64 0.479277265488
24 65 0.580365211188
24 66 0.426197027883
24 67 0.450943900972
24 68 0.607378149013
24 69 0.106056831134
24 70 0.382603414835
24 71 0.00941337563637
24 72 0.382268179515
24 73 0.500181957271
24 74 0.280771546124
24 75 0.758854908298
24 76 0.480215417668
24 77 0.650616607671
24 78 0.126423953405
24 79 0.566015976568
24 80 0.230609653644
24 81 0.38315875665
24 82 0.110540489936
24 83 0.46777681277
24 84 0.614183176406
24 85 0.637697587466
24 86 0.111612543306
24 87 0.597052476838
24 88 0.285109114677
24 89 0.419062478125
24 90 0.476061340897
24 91 0.540309052415
24 92 0.209449890356
24 93 0.701547534598
25 26 0.221905762363
25 27 0.361612027463
25 28 0.516342070101
25 29 0.375814457734
25 30 0.104544008448
25 31 0.385630778992
25 32 0.373496226613
25 33 0.0636230654587
25 34 0.436286908604
25 35 0.137985278193
25 36 0.368161001387
25 37 0.172954881169
25 38 0.121162399876
25 39 0.00739432037002
25 40 0.0195055495427
25 41 0.421019971307
25 42 0.39810635535
25 43 0.245282473286
25 44 0.333630821616
25 45 0.483514307485
25 46 0.475775090729
25 47 0.157444358875
25 48 0.621620778728
25 49 0.637903904176
25 50 0.0857498764692
25 51 0.22619649938
25 52 0.441169925551
25 53 0.550395723212
25 54 0.0151614373302
25 55 0.193924414001
25 56 0.29804147451
25 57 0.138144877521
25 58 0.0185042722971
25 59 0.259696555363
25 60 0.0346490344458
25 61 0.337469408711
25 62 0.370674565918
25 63 0.43602796688
25 64 0.541976894154
25 65 0.417998068014
25 66 0.519977512095
25 67 0.441689869931
25 68 0.556907419196
25 69 0.311792400172
25 70 0.24033123748
25 71 0.0788158711359
25 72 0.0147861687068
25 73 0.521760958309
25 74 0.264322835205
25 75 0.507733362042
25 76 0.604459959875
25 77 0.326001951396
25 78 0.296182019113
25 79 0.303310374447
25 80 0.0014816277469
25 81 0.458921859255
25 82 0.197360499986
25 83 0.306763838128
25 84 0.75617811083
25 85 0.459864898919
25 86 0.137511894343
25 87 0.532066111497
25 88 0.422925211878
25 89 0.286440056762
25 90 0.368695713535
25 91 0.226801745106
25 92 0.516071368775
25 93 0.460392838879
26 27 0.288316911344
26 28 0.45608898604
26 29 0.410898108543
26 30 0.474338942583
26 31 0.649119625817
26 32 0.254879707751
26 33 0.560382588756
26 34 0.554330747716
26 35 0.191766668728
26 36 0.447380121558
26 37 0.517211770152
26 38 0.147341501515
26 39 0.0220451324184
26 40 0.274243079859
26 41 0.190782673074
26 42 0.15605270962
26 43 0.181600196839
26 44 0.383121446896
26 45 0.403273150103
26 46 0.515404864253
26 47 0.350709405911
26 48 0.643710477133
26 49 0.611399643801
26 50 0.210613292266
26 51 0.157285593668
26 52 0.10509729763
26 53 0.316558743594
26 54 0.17930639694
26 55 0.500246331596
26 56 0.391324960343
26 57 0.047565972412
26 58 0.0183585791927
26 59 0.367577558176
26 60 0.333295446239
26 61 0.721684095588
26 62 0.341122550112
26 63 0.550613260863
26 64 0.348266823436
26 65 0.613794966017
26 66 0.213393319962
26 67 0.489519144489
26 68 0.571237565321
26 69 0.216507263552
26 70 0.182611720886
26 71 0.316570670194
26 72 0.153749879443
26 73 0.364646914664
26 74 0.00291253688037
26 75 0.592011026458
26 76 0.394668041696
26 77 0.44225774113
26 78 0.218310512239
26 79 0.3297127731
26 80 0.281886067626
26 81 0.201546593062
26 82 0.181140282474
26 83 0.333619671053
26 84 0.439316251236
26 85 0.485329077634
26 86 0.261527715219
26 87 0.311728972637
26 88 0.18916787065
26 89 0.523144411313
26 90 0.503166549457
26 91 0.561155078434
26 92 0.0467138256669
26 93 0.450854605064
27 28 0.407521209087
27 29 0.0884917285906
27 30 0.0603562679795
27 31 0.0703249014403
27 32 0.599848195825
27 33 0.274968363753
27 34 0.502352925091
27 35 0.175434197665
27 36 0.35017528888
27 37 0.46432592703
27 38 0.0730219027681
27 39 0.116148547019
27 40 0.0866436731003
27 41 0.0674161434905
27 42 0.00735012513159
27 43 0.30451185479
27 44 0.147613304527
27 45 0.29548787463
27 46 0.424837841688
27 47 0.512364218072
27 48 0.45686758423
27 49 0.428735154218
27 50 0.180035561298
27 51 0.219461841606
27 52 0.559462447197
27 53 0.538461681154
27 54 0.398695059697
27 55 0.394364000992
27 56 0.422550530337
27 57 0.0939813769795
27 58 0.138287724704
27 59 0.438406732704
27 60 0.0377537015299
27 61 0.356897423184
27 62 0.50682279602
27 63 0.347320833628
27 64 0.612849132476
27 65 0.194120917374
27 66 0.53608902396
27 67 0.385891391549
27 68 0.389503786426
27 69 0.0759640003302
27 70 0.408887230869
27 71 0.219265208528
27 72 0.0606302671125
27 73 0.383688563083
27 74 0.298687765437
27 75 0.320815377886
27 76 0.19089923197
27 77 0.116773231174
27 78 0.0715577555552
27 79 0.219148880747
27 80 0.185151297672
27 81 0.443638407232
27 82 0.178097179016
27 83 0.548057335
27 84 0.393215854114
27 85 0.474213352829
27 86 0.471682331423
27 87 0.294830684808
27 88 0.0219438416897
27 89 0.368099538381
27 90 0.372831583838
27 91 0.366907889775
27 92 0.415175044693
27 93 0.525299424637
28 29 0.299753593255
28 30 0.160444204918
28 31 0.524642529153
28 32 0.587300306441
28 33 0.313386212394
28 34 0.618805080346
28 35 0.434157907045
28 36 0.611957661637
28 37 0.477819852737
28 38 0.365841512405
28 39 0.0565103072829
28 40 0.348850617232
28 41 0.657531228636
28 42 0.584839111755
28 43 0.630495854313
28 44 0.614024357566
28 45 0.249027403953
28 46 0.544743444386
28 47 0.351951434343
28 48 0.75787464655
28 49 0.738647109606
28 50 0.120368602616
28 51 0.423562516993
28 52 0.394072382252
28 53 0.527520978356
28 54 0.109189107468
28 55 0.543095560053
28 56 0.0522410940662
28 57 0.155150291613
28 58 0.369510564131
28 59 0.444042111139
28 60 0.203881126168
28 61 0.475680042816
28 62 0.332513778185
28 63 0.403815824832
28 64 0.646482620666
28 65 0.468640869494
28 66 0.542365403562
28 67 0.72585036314
28 68 0.785390612406
28 69 0.523666400834
28 70 0.348609557766
28 71 0.261459924891
28 72 0.287172355775
28 73 0.256528301052
28 74 0.372214071911
28 75 0.699554769078
28 76 0.578188471912
28 77 0.541821236176
28 78 0.443482816654
28 79 0.288978594234
28 80 0.198004943414
28 81 0.162269545971
28 82 0.294381887377
28 83 0.45084135474
28 84 0.458446842527
28 85 0.362940958703
28 86 0.05285872086
28 87 0.609258280123
28 88 0.489849744722
28 89 0.580692849761
28 90 0.596543381482
28 91 0.557287093952
28 92 0.233014982081
28 93 0.715341041982
29 30 0.80390939788
29 31 0.510523271151
29 32 0.432069878591
29 33 0.175024207325
29 34 0.262362698859
29 35 0.190294270241
29 36 0.319729899536
29 37 0.0460520632205
29 38 0.0640349797455
29 39 0.0698409929469
29 40 0.0148588216937
29 41 0.299800900448
29 42 0.283947336688
29 43 0.341522501096
29 44 0.502185421609
29 45 0.457343740026
29 46 0.388069402723
29 47 0.0768284730527
29 48 0.519584337927
29 49 0.51672091954
29 50 0.317469039755
29 51 0.184127976373
29 52 0.238662691923
29 53 0.25280426187
29 54 0.0219302663119
29 55 0.449118310669
29 56 0.254243539719
29 57 0.0913599704856
29 58 0.0769774315041
29 59 0.194565890542
29 60 0.00884921333004
29 61 0.389006010085
29 62 0.23358786323
29 63 0.458704149767
29 64 0.0507178838005
29 65 0.346021815858
29 66 0.158469832307
29 67 0.318196832796
29 68 0.434057562277
29 69 0.28896103289
29 70 0.416958900677
29 71 0.0087339127024
29 72 0.0387460437202
29 73 0.15140847648
29 74 0.294729389968
29 75 0.478159983588
29 76 0.0724575155029
29 77 0.398163390459
29 78 0.0253739736087
29 79 0.392654660331
29 80 0.455914645951
29 81 0.250261799667
29 82 0.20762117442
29 83 0.237164694985
29 84 0.488967245588
29 85 0.329391407321
29 86 0.0701347278973
29 87 0.253543790667
29 88 0.457038555832
29 89 0.133807784692
29 90 0.195465886238
29 91 0.361709063297
29 92 0.0602012738519
29 93 0.245371889598
30 31 0.615962135483
30 32 0.313933958115
30 33 0.22462679248
30 34 0.16485344571
30 35 0.257337043046
30 36 0.247745714046
30 37 0.0777992341977
30 38 0.126180434702
30 39 0.0216575578089
30 40 0.0907247724378
30 41 0.183103198739
30 42 0.131439126649
30 43 0.2381133004
30 44 0.484662837321
30 45 0.289631421614
30 46 0.26945629498
30 47 0.0507922905675
30 48 0.377811830675
30 49 0.399519171454
30 50 0.355863188751
30 51 0.251030403612
30 52 0.372081612023
30 53 0.303201118526
30 54 0.0753606767167
30 55 0.367246696173
30 56 0.192304079489
30 57 0.0670164824517
30 58 0.0176808882698
30 59 0.0958927137935
30 60 0.0795064909344
30 61 0.269183241902
30 62 0.0521171187059
30 63 0.216051454417
30 64 0.0385367729617
30 65 0.121869606904
30 66 0.0214505155762
30 67 0.264553423027
30 68 0.262854670088
30 69 0.290359838456
30 70 0.31344756364
30 71 0.208968997333
30 72 0.0707958060733
30 73 0.0328395377637
30 74 0.294392891328
30 75 0.281856977227
30 76 0.0378605446859
30 77 0.250323249576
30 78 0.0602063281498
30 79 0.254421368617
30 80 0.355427349246
30 81 0.140053202237
30 82 0.0193028536602
30 83 0.169260026601
30 84 0.26206458572
30 85 0.349725376154
30 86 0.0321580950439
30 87 0.183471708967
30 88 0.337770546441
30 89 0.129556217873
30 90 0.187537198767
30 91 0.26515551422
30 92 0.00449470224411
30 93 0.161645425027
31 32 0.359822173963
31 33 0.226691821614
31 34 0.301085177089
31 35 0.249917810575
31 36 0.254673311562
31 37 0.386548574144
31 38 0.245897211999
31 39 0.218714485265
31 40 0.175595186415
31 41 0.357459992313
31 42 0.346287096331
31 43 0.184392701129
31 44 0.642323512506
31 45 0.208689997288
31 46 0.518584826511
31 47 0.181391155793
31 48 0.595268917118
31 49 0.604016699118
31 50 0.211887514371
31 51 0.202939356294
31 52 0.403272207237
31 53 0.584885647734
31 54 0.0360289298905
31 55 0.434640724103
31 56 0.183215916381
31 57 0.023744409823
31 58 0.170620319796
31 59 0.0233090968247
31 60 0.329154052931
31 61 0.47388928161
31 62 0.318463116877
31 63 0.312953645902
31 64 0.41539260172
31 65 0.322999635563
31 66 0.232219292143
31 67 0.493369625824
31 68 0.528012006621
31 69 0.566585831789
31 70 0.224002995564
31 71 0.0854116133672
31 72 0.133459491975
31 73 0.168873444887
31 74 0.442147391745
31 75 0.599033675189
31 76 0.530063886805
31 77 0.497250385794
31 78 0.364153698063
31 79 0.0698189300351
31 80 0.338009070856
31 81 0.0938306508474
31 82 0.121849008103
31 83 0.395411996044
31 84 0.406555875265
31 85 0.405770825805
31 86 0.199442398424
31 87 0.460856141149
31 88 0.576595642744
31 89 0.464180555502
31 90 0.483983024355
31 91 0.396382261837
31 92 0.0936874078204
31 93 0.374735977042
32 33 0.0124067191882
32 34 0.426778229528
32 35 0.411944170368
32 36 0.433873601391
32 37 0.380940131539
32 38 0.103026058157
32 39 0.184097251786
32 40 0.0536699033509
32 41 0.396178221247
32 42 0.378818189984
32 43 0.567446830604
32 44 0.509893076849
32 45 0.481718121805
32 46 0.650962106264
32 47 0.652940147445
32 48 0.528615036924
32 49 0.519366471751
32 50 0.103455394787
32 51 0.414769021693
32 52 0.533483895752
32 53 0.587500052731
32 54 0.241284405094
32 55 0.552629055385
32 56 0.341334432898
32 57 0.384118337892
32 58 0.235014178368
32 59 0.256552670864
32 60 0.186218731943
32 61 0.346132503388
32 62 0.553636641665
32 63 0.536122218553
32 64 0.580245881028
32 65 0.419416343376
32 66 0.541232763623
32 67 0.533497832111
32 68 0.557062429732
32 69 0.305367127941
32 70 0.756615795494
32 71 0.154641369847
32 72 0.0212177996882
32 73 0.351942180624
32 74 0.592158155742
32 75 0.696291274219
32 76 0.159478627177
32 77 0.558916465159
32 78 0.154782365097
32 79 0.387311418499
32 80 0.536629371132
32 81 0.349264534415
32 82 0.204528088787
32 83 0.472488325886
32 84 0.448374121713
32 85 0.331156546363
32 86 0.350459846022
32 87 0.330465062719
32 88 0.516857735475
32 89 0.375974560468
32 90 0.401008553649
32 91 0.437286652219
32 92 0.283035272911
32 93 0.587022343224
33 34 0.395477695743
33 35 0.129372108252
33 36 0.204531555695
33 37 0.21355406415
33 38 0.185556839828
33 39 0.174111259367
33 40 0.0198671230196
33 41 0.0744091592332
33 42 0.0603752884794
33 43 0.190385102099
33 44 0.149643679681
33 45 0.111302520205
33 46 0.453717844274
33 47 0.0756909256594
33 48 0.38507906877
33 49 0.471544733308
33 50 0.0220586788913
33 51 0.0231042926775
33 52 0.0598698002643
33 53 0.0563424183445
33 54 0.219750229685
33 55 0.450207404305
33 56 0.306855970831
33 57 0.122309226341
33 58 0.248520581894
33 59 0.379105886083
33 60 0.182030281179
33 61 0.389713275286
33 62 0.184625021732
33 63 0.288139419018
33 64 0.24050551968
33 65 0.0867429634596
33 66 0.130915348988
33 67 0.293117171516
33 68 0.398713365025
33 69 0.336126415382
33 70 0.0550727691409
33 71 0.403872408407
33 72 0.210525257792
33 73 0.116750709892
33 74 0.013772602154
33 75 0.234133032689
33 76 0.0796205779897
33 77 0.156693939048
33 78 0.182085084795
33 79 0.145599313277
33 80 0.0409013745827
33 81 0.123061894571
33 82 0.183197673622
33 83 0.348958450862
33 84 0.114545901696
33 85 0.366168338102
33 86 0.0239323598148
33 87 0.346982741206
33 88 0.1176390319
33 89 0.569309113386
33 90 0.526596175407
33 91 0.380435064763
33 92 0.0811884669896
33 93 0.383251333623
34 35 0.51324639625
34 36 0.47393494104
34 37 0.229661730286
34 38 0.197254087009
34 39 0.134420391308
34 40 0.106156641378
34 41 0.468744780486
34 42 0.439124382747
34 43 0.342253344089
34 44 0.314712755024
34 45 0.548953198017
34 46 0.526635774931
34 47 0.568338898965
34 48 0.708170180523
34 49 0.672698772305
34 50 0.190361659773
34 51 0.454352770946
34 52 0.218776177262
34 53 0.352933788041
34 54 0.381623193836
34 55 0.349417589613
34 56 0.326510492658
34 57 0.113336349224
34 58 0.139841880864
34 59 0.694032210438
34 60 0.314425305484
34 61 0.427852058545
34 62 0.552145098343
34 63 0.3371390766
34 64 0.480535702935
34 65 0.524049686058
34 66 0.420741833234
34 67 0.578075645618
34 68 0.717519259469
34 69 0.316521110074
34 70 0.367174650203
34 71 0.185996712526
34 72 0.00523412040258
34 73 0.519701314478
34 74 0.0718993650106
34 75 0.702265575119
34 76 0.415241340535
34 77 0.44152069309
34 78 0.496926605983
34 79 0.590299424503
34 80 0.214241266584
34 81 0.363687604396
34 82 0.294463441788
34 83 0.422612545587
34 84 0.599112936919
34 85 0.74754608324
34 86 0.200347262794
34 87 0.40514301989
34 88 0.258829807786
34 89 0.715635393858
34 90 0.771362541804
34 91 0.650014852925
34 92 0.0267794575051
34 93 0.698373026159
35 36 0.468161734292
35 37 0.0738651977597
35 38 0.209493166287
35 39 0.11002450025
35 40 0.200634202372
35 41 0.374982420281
35 42 0.350097301276
35 43 0.1696463005
35 44 0.386909991642
35 45 0.227152349113
35 46 0.406484299502
35 47 0.367331299484
35 48 0.34435894844
35 49 0.290456591592
35 50 0.162707098054
35 51 0.840984292521
35 52 0.113654914706
35 53 0.0200389912851
35 54 0.21898936301
35 55 0.389908216145
35 56 0.173857249276
35 57 0.23354219037
35 58 0.213946631264
35 59 0.586582841951
35 60 0.0711372749394
35 61 0.112090493073
35 62 0.250574869168
35 63 0.022117680835
35 64 0.140933713435
35 65 0.389664080402
35 66 0.0361292358962
35 67 0.227478088218
35 68 0.354078782497
35 69 0.341829870148
35 70 0.319125530348
35 71 0.149254193163
35 72 0.0243511017725
35 73 0.28433701872
35 74 0.208756144065
35 75 0.548855304285
35 76 0.280550637197
35 77 0.384798489856
35 78 0.29190604993
35 79 0.256690527363
35 80 0.197029873618
35 81 0.0981093292032
35 82 0.102926624987
35 83 0.363740312003
35 84 0.240751234772
35 85 0.353736371491
35 86 0.0798197727144
35 87 0.298056382399
35 88 0.330981494531
35 89 0.400863703612
35 90 0.446061018521
35 91 0.289108466181
35 92 0.161882894719
35 93 0.610512554181
36 37 0.158628209723
36 38 0.0994726889114
36 39 0.0184857237694
36 40 0.264892561713
36 41 0.428120835663
36 42 0.203223521567
36 43 0.557023358962
36 44 0.361217059887
36 45 0.41363014218
36 46 0.289025947582
36 47 0.411668274898
36 48 0.596098764215
36 49 0.506264326188
36 50 0.159219986663
36 51 0.419806381701
36 52 0.222849004898
36 53 0.239682069459
36 54 0.10253622816
36 55 0.649822440571
36 56 0.191597398333
36 57 0.0160999717354
36 58 0.307954274757
36 59 0.446013952857
36 60 0.191599982601
36 61 0.486745650582
36 62 0.394378790399
36 63 0.409438116125
36 64 0.340236681637
36 65 0.461687299678
36 66 0.576630953599
36 67 0.532937050392
36 68 0.561173798404
36 69 0.290209407818
36 70 0.325160611916
36 71 0.0958710276676
36 72 0.120442180577
36 73 0.323576527017
36 74 0.026012931521
36 75 0.494470347189
36 76 0.374870581223
36 77 0.556105054238
36 78 0.036090575638
36 79 0.249143947003
36 80 0.121804514007
36 81 0.434181870558
36 82 0.179569087475
36 83 0.356175995049
36 84 0.537998955647
36 85 0.19724416625
36 86 0.042955548959
36 87 0.236616633661
36 88 0.305674273712
36 89 0.368241808501
36 90 0.392148001252
36 91 0.476795070386
36 92 0.546792338227
36 93 0.554404413438
37 38 0.191842772564
37 39 0.103975687943
37 40 0.317138767289
37 41 0.2424735947
37 42 0.213291275017
37 43 0.353271947388
37 44 0.183100433837
37 45 0.0185932769752
37 46 0.327405556415
37 47 0.263285969478
37 48 0.407723754929
37 49 0.382409572809
37 50 0.0125430102206
37 51 0.0513142761146
37 52 0.482251003126
37 53 0.578740295562
37 54 0.0267357965441
37 55 0.326641990349
37 56 0.383022621853
37 57 0.0162413416467
37 58 0.230636680839
37 59 0.179605264137
37 60 0.19661298904
37 61 0.366991547182
37 62 0.0315296570653
37 63 0.511890993134
37 64 0.600214875756
37 65 0.266498145073
37 66 0.376780179933
37 67 0.545745343015
37 68 0.452312664311
37 69 0.0919231141936
37 70 0.0544530615605
37 71 0.318795327687
37 72 0.198095052549
37 73 0.236800444413
37 74 0.367715534492
37 75 0.39445217188
37 76 0.327116337737
37 77 0.331631799844
37 78 0.201669095366
37 79 0.0358282981337
37 80 0.0679482716018
37 81 0.00320823951723
37 82 0.239981890045
37 83 0.261895655665
37 84 0.130244132773
37 85 0.183255971509
37 86 0.279170879476
37 87 0.472417993335
37 88 0.165802026897
37 89 0.237587017408
37 90 0.240252862397
37 91 0.379654228641
37 92 0.0128087579485
37 93 0.433360131951
38 39 0.257720088908
38 40 0.137189071644
38 41 0.159807608706
38 42 0.0868879574744
38 43 0.0727308003535
38 44 0.282538093403
38 45 0.144511725585
38 46 0.193595673634
38 47 0.131490109119
38 48 0.160539026993
38 49 0.15055633052
38 50 0.22651206411
38 51 0.149559409094
38 52 0.205870597796
38 53 0.213641402723
38 54 0.0485768940992
38 55 0.182355634949
38 56 0.673143801065
38 57 0.0199632473867
38 58 0.231832175769
38 59 0.094310418042
38 60 0.164877274626
38 61 0.143499102811
38 62 0.0181562323567
38 63 0.391394778424
38 64 0.186738114383
38 65 0.155117985013
38 66 0.0562616312264
38 67 0.139459199002
38 68 0.146419090964
38 69 0.565588763395
38 70 0.179171556875
38 71 0.0421438708393
38 72 0.187772581874
38 73 0.269037999932
38 74 0.0529333562685
38 75 0.00362545479711
38 76 0.0979857580591
38 77 0.179814671044
38 78 0.358005971445
38 79 0.262971168027
38 80 0.0379043194235
38 81 0.0275877764326
38 82 0.696998963341
38 83 0.139571514819
38 84 0.0562171320563
38 85 0.0417593814468
38 86 0.00509855520236
38 87 0.0200060349098
38 88 0.166092422217
38 89 0.175529673269
38 90 0.203603448301
38 91 0.00945544264908
38 92 0.0408127858809
38 93 0.0745161529801
39 40 0.00119788769662
39 41 0.185023676419
39 42 0.0547633638539
39 43 0.25827168481
39 44 0.0913215835534
39 45 0.298282819382
39 46 0.0814203719549
39 47 0.18404230723
39 48 0.0909039533759
39 49 0.0975169803699
39 50 0.554079196187
39 51 0.301118823837
39 52 0.125491105728
39 53 0.277299633385
39 54 0.199873368837
39 55 0.106514765759
39 56 0.110263864184
39 57 0.589400687433
39 58 0.214279537594
39 59 0.0973720353839
39 60 0.0173044162888
39 61 0.0955633426064
39 62 0.0773799288465
39 63 0.376895735042
39 64 0.0347883470573
39 65 0.0617657681109
39 66 0.0407216322244
39 67 0.128314591547
39 68 0.108260230772
39 69 0.0145034088706
39 70 0.237986243504
39 71 0.126216543578
39 72 0.0290923507086
39 73 0.128420793857
39 74 0.304623501398
39 75 0.124837337656
39 76 0.195838823258
39 77 0.00524114141972
39 78 0.290613322248
39 79 0.26336992755
39 80 0.323228423056
39 81 0.282986758448
39 82 0.485110130375
39 83 0.0797843342653
39 84 0.1290280394
39 85 0.0314066483489
39 86 0.30561808387
39 87 0.0647270012551
39 88 0.0570242844766
39 89 0.0537976058951
39 90 0.132108796438
39 91 0.169635734867
39 92 0.13081874394
39 93 0.0430241683322
40 41 0.220807398598
40 42 0.242501532123
40 43 0.131122869156
40 44 0.0834618714734
40 45 0.18744453525
40 46 0.0474912173885
40 47 0.00934492905067
40 48 0.107926421724
40 49 0.0166734086478
40 50 0.285998389661
40 51 0.172052930567
40 52 0.141543469698
40 53 0.153725068791
40 54 0.438626194434
40 55 0.264532663159
40 56 0.10953208761
40 57 0.137889689936
40 58 0.142904349802
40 59 0.0322046701976
40 60 0.0380286310062
40 61 0.264563525044
40 62 0.169168135429
40 63 0.209865793169
40 64 0.0724042886252
40 65 0.47823091664
40 66 0.00601898666143
40 67 0.105256987523
40 68 0.131073857175
40 69 0.0772600227374
40 70 0.109113184168
40 71 0.0620479242445
40 72 0.22335411801
40 73 0.135781622851
40 74 0.0468971930749
40 75 0.213188984832
40 76 0.508734711271
40 77 0.162998864227
40 78 0.0965368920827
40 79 0.112143630241
40 80 0.160380326359
40 81 0.302081766486
40 82 0.218435281974
40 83 0.00609106067664
40 84 0.0248990423285
40 85 0.326249791336
40 86 0.030688842352
40 87 0.147287855029
40 88 0.200748163041
40 89 0.00908476062933
40 90 0.0415175247494
40 91 0.170591842909
40 92 0.00826961399378
40 93 0.156688568929
41 42 0.881669892299
41 43 0.673171144191
41 44 0.40875055538
41 45 0.415952537315
41 46 0.386657383543
41 47 0.161676486825
41 48 0.65685698613
41 49 0.614579059139
41 50 0.0721846470205
41 51 0.204603108625
41 52 0.327568535745
41 53 0.243366322359
41 54 0.120356553316
41 55 0.393531656718
41 56 0.150893313922
41 57 0.0729192624106
41 58 0.0675370494438
41 59 0.282389347761
41 60 0.260482954468
41 61 0.0460703933087
41 62 0.209900232828
41 63 0.349282468427
41 64 0.422910932161
41 65 0.337308734264
41 66 0.505501317563
41 67 0.757534825226
41 68 0.729931354428
41 69 0.455254217635
41 70 0.268029344031
41 71 0.0109037936353
41 72 0.0886564997286
41 73 0.380939677514
41 74 0.496793657981
41 75 0.549298356509
41 76 0.56702174515
41 77 0.649379984723
41 78 0.299405578335
41 79 0.53129119339
41 80 0.288238336781
41 81 0.193185122767
41 82 0.0593218289887
41 83 0.24037309838
41 84 0.585172006186
41 85 0.371044719457
41 86 0.110729563525
41 87 0.534625766217
41 88 0.728267360465
41 89 0.488195782522
41 90 0.549209425176
41 91 0.669056706713
41 92 0.081572090438
41 93 0.468610306115
42 43 0.562514655901
42 44 0.382186109827
42 45 0.323774572941
42 46 0.407847852757
42 47 0.191636790873
42 48 0.552269496576
42 49 0.539968796047
42 50 0.211962001686
42 51 0.230144844887
42 52 0.290674910124
42 53 0.259952426403
42 54 0.0308727491507
42 55 0.237744152426
42 56 0.186314473743
42 57 0.00278825491364
42 58 0.106264152052
42 59 0.288839691954
42 60 0.195781951946
42 61 0.116456652997
42 62 0.165447402636
42 63 0.306600645997
42 64 0.415908313191
42 65 0.444483636552
42 66 0.386157216464
42 67 0.698055391714
42 68 0.694766746355
42 69 0.37921860691
42 70 0.110049182748
42 71 0.0485845683341
42 72 0.243100166881
42 73 0.397875911984
42 74 0.465508120344
42 75 0.576843249426
42 76 0.530325975357
42 77 0.628694622646
42 78 0.300556868484
42 79 0.582617214744
42 80 0.222230975219
42 81 0.0198383409011
42 82 0.041735089874
42 83 0.195218201906
42 84 0.537105050955
42 85 0.432957895553
42 86 0.0461047519712
42 87 0.635536447481
42 88 0.78050032269
42 89 0.540909338532
42 90 0.584598011433
42 91 0.583463137341
42 92 0.178686282603
42 93 0.441952921745
43 44 0.287386298643
43 45 0.2241439545
43 46 0.20002743444
43 47 0.155499847106
43 48 0.420163255537
43 49 0.391803711525
43 50 0.0147768322283
43 51 0.184259226315
43 52 0.275544916983
43 53 0.280005253951
43 54 0.0632112281085
43 55 0.484621828568
43 56 0.0977050906465
43 57 0.185531038114
43 58 0.217737056828
43 59 0.139967315999
43 60 0.189419192327
43 61 0.278102693866
43 62 0.142068659679
43 63 0.556957090608
43 64 0.322730406327
43 65 0.250632227703
43 66 0.493923227269
43 67 0.730485756667
43 68 0.664593543256
43 69 0.37977722877
43 70 0.296925040937
43 71 0.480161888812
43 72 0.0874183718618
43 73 0.139085855836
43 74 0.392207165311
43 75 0.362359417324
43 76 0.225131266309
43 77 0.518305846113
43 78 0.126647747215
43 79 0.411598484096
43 80 0.35670249528
43 81 0.227313467808
43 82 0.0691287268585
43 83 0.135074313433
43 84 0.473803316862
43 85 0.0992028886237
43 86 0.0927658563348
43 87 0.383486348921
43 88 0.571961932279
43 89 0.344651922953
43 90 0.351131595885
43 91 0.549434143013
43 92 0.0326684598061
43 93 0.377806776192
44 45 0.218447601846
44 46 0.563246539699
44 47 0.259443565663
44 48 0.632501864065
44 49 0.683308111371
44 50 0.0504759643241
44 51 0.418246777762
44 52 0.393562320258
44 53 0.453081888402
44 54 0.0582799322171
44 55 0.295963490802
44 56 0.00724152430873
44 57 0.107459958489
44 58 0.350775037263
44 59 0.212947530987
44 60 0.142210058722
44 61 0.347155558935
44 62 0.34514445186
44 63 0.0592909222535
44 64 0.281480353687
44 65 0.242687275544
44 66 0.299251150199
44 67 0.517305872199
44 68 0.528144518703
44 69 0.368439439044
44 70 0.311985459073
44 71 0.0836390095728
44 72 0.25698546663
44 73 0.049792921314
44 74 0.364127242038
44 75 0.623607488975
44 76 0.252165442632
44 77 0.438872416882
44 78 0.149964818436
44 79 0.227649450422
44 80 0.0778363965306
44 81 0.102096197689
44 82 0.273238520846
44 83 0.411805879893
44 84 0.337985590524
44 85 0.428318133616
44 86 0.0350910729853
44 87 0.430997418508
44 88 0.511073088567
44 89 0.308027895209
44 90 0.321133505454
44 91 0.40809516103
44 92 0.216108897444
44 93 0.291684697705
45 46 0.60902969342
45 47 0.530016835378
45 48 0.57038731412
45 49 0.570339500142
45 50 0.0337328958598
45 51 0.110128273659
45 52 0.155257230712
45 53 0.202314847054
45 54 0.210920881351
45 55 0.45637989968
45 56 0.50085903066
45 57 0.211538874641
45 58 0.0831468029683
45 59 0.367995454968
45 60 0.307762399356
45 61 0.205311991411
45 62 0.649063805994
45 63 0.590872130241
45 64 0.292751590028
45 65 0.535543341304
45 66 0.411641908215
45 67 0.35806064227
45 68 0.446643223683
45 69 0.0278216477219
45 70 0.617705713439
45 71 0.00506066023435
45 72 0.0450319413098
45 73 0.71015466987
45 74 0.239942525645
45 75 0.538613058582
45 76 0.120951475142
45 77 0.519486785492
45 78 0.0685624453482
45 79 0.740362625149
45 80 0.454664851605
45 81 0.62950549218
45 82 0.0020106970907
45 83 0.210696115885
45 84 0.662201580165
45 85 0.507527256398
45 86 0.220074713725
45 87 0.0131254679198
45 88 0.341969912672
45 89 0.372066679756
45 90 0.427964214985
45 91 0.416216874111
45 92 0.244568147461
45 93 0.359792410934
46 47 0.640787894768
46 48 0.663204782919
46 49 0.740255038038
46 50 0.11019088853
46 51 0.320715697079
46 52 0.34140439406
46 53 0.502378623291
46 54 0.184765643342
46 55 0.633472775253
46 56 0.617834443696
46 57 0.300417181521
46 58 0.296231709001
46 59 0.330285588945
46 60 0.0569165599363
46 61 0.386359116961
46 62 0.6372303334
46 63 0.517014892592
46 64 0.572138882892
46 65 0.457556497891
46 66 0.444779078812
46 67 0.439209943899
46 68 0.566640412844
46 69 0.234484249164
46 70 0.544211351743
46 71 0.0387197170522
46 72 0.385994124076
46 73 0.406396819745
46 74 0.484540200253
46 75 0.823558998607
46 76 0.310960983896
46 77 0.635950282669
46 78 0.296294795519
46 79 0.466044436947
46 80 0.329097020399
46 81 0.281772837535
46 82 0.0213691450019
46 83 0.492921185824
46 84 0.436872863089
46 85 0.562116631601
46 86 0.175416655543
46 87 0.46949802337
46 88 0.342671330001
46 89 0.565570636576
46 90 0.598650129525
46 91 0.437183640596
46 92 0.329450414168
46 93 0.645882250414
47 48 0.43168635893
47 49 0.401495162647
47 50 0.0470513798065
47 51 0.302645757678
47 52 0.261709229296
47 53 0.415622750822
47 54 0.33195378111
47 55 0.517318141175
47 56 0.511907661999
47 57 0.0602070850237
47 58 0.28250533856
47 59 0.380423314573
47 60 0.405584184232
47 61 0.336880739251
47 62 0.808768811421
47 63 0.369189987498
47 64 0.5052546273
47 65 0.459786801742
47 66 0.553979588515
47 67 0.36059790933
47 68 0.411738741769
47 69 0.0218305753241
47 70 0.517858564911
47 71 0.0834906010244
47 72 0.0398722011474
47 73 0.508328075902
47 74 0.167466491366
47 75 0.700558240499
47 76 0.14842685631
47 77 0.600361992665
47 78 0.0730862402594
47 79 0.345497481238
47 80 0.29748642001
47 81 0.314650817195
47 82 0.218429747468
47 83 0.453274610782
47 84 0.325148121704
47 85 0.402095158694
47 86 0.311416990025
47 87 0.114043727284
47 88 0.215977999863
47 89 0.527276746018
47 90 0.545238953256
47 91 0.435918027747
47 92 0.306909644584
47 93 0.546741706909
48 49 0.96903914841
48 50 0.0772095452599
48 51 0.207924222306
48 52 0.49895122666
48 53 0.553821351645
48 54 0.182344864973
48 55 0.559615697961
48 56 0.380331915031
48 57 0.0708386197211
48 58 0.150938839986
48 59 0.575370947176
48 60 0.291077046188
48 61 0.556066348629
48 62 0.522682958864
48 63 0.460092072877
48 64 0.66097653147
48 65 0.479764099829
48 66 0.667628830678
48 67 0.75760567781
48 68 0.829032420157
48 69 0.463020629511
48 70 0.387190346654
48 71 0.00817648367419
48 72 0.197510631392
48 73 0.440787812259
48 74 0.366727924053
48 75 0.767882776261
48 76 0.580882399465
48 77 0.655486124499
48 78 0.184467566236
48 79 0.492888877949
48 80 0.209740885685
48 81 0.395666710669
48 82 0.188555652055
48 83 0.689292529664
48 84 0.715630893475
48 85 0.738830234336
48 86 0.229068006331
48 87 0.636511081625
48 88 0.486919748851
48 89 0.654803412383
48 90 0.686385710739
48 91 0.781475301242
48 92 0.220018553516
48 93 0.711465625484
49 50 0.0331272343814
49 51 0.182958678958
49 52 0.523547210023
49 53 0.607662086706
49 54 0.179704599539
49 55 0.524089695818
49 56 0.391366026347
49 57 0.00596146052812
49 58 0.237776102002
49 59 0.524078696594
49 60 0.202049675106
49 61 0.501058122196
49 62 0.515461181486
49 63 0.432121014136
49 64 0.678955094703
49 65 0.397548684451
49 66 0.650053221944
49 67 0.740995194617
49 68 0.807661249587
49 69 0.453445436724
49 70 0.378729799127
49 71 0.0679194771681
49 72 0.274123028428
49 73 0.351599554339
49 74 0.396725330598
49 75 0.749088430246
49 76 0.478502443186
49 77 0.62237431061
49 78 0.215436593828
49 79 0.487090187173
49 80 0.138750430305
49 81 0.367049870381
49 82 0.161911972824
49 83 0.640580860796
49 84 0.646415723466
49 85 0.756849802713
49 86 0.151818322879
49 87 0.657344375965
49 88 0.446060830779
49 89 0.660657120005
49 90 0.696595843003
49 91 0.694544946517
49 92 0.26111610871
49 93 0.67325730415
50 51 0.277532357922
50 52 0.164283945866
50 53 0.145709689285
50 54 0.320490719552
50 55 0.00843832789222
50 56 0.0868471240355
50 57 0.314905357317
50 58 0.153815718551
50 59 0.152758378863
50 60 0.231650983637
50 61 0.120189099987
50 62 0.18381850965
50 63 0.0304678780781
50 64 0.103947720046
50 65 0.239550284413
50 66 0.0539795764489
50 67 0.033078893345
50 68 0.0468662192987
50 69 0.125567807105
50 70 0.178674957562
50 71 0.108834054786
50 72 0.081065063535
50 73 0.000139850659428
50 74 0.276844002104
50 75 0.128311515068
50 76 0.197024835105
50 77 0.00782348038406
50 78 0.346821539376
50 79 0.0263337857301
50 80 0.0753399548271
50 81 0.178468100821
50 82 0.143503007056
50 83 0.178102368003
50 84 0.0295263978415
50 85 0.0296135917691
50 86 0.30830771646
50 87 0.0993944233358
50 88 0.0806924053867
50 89 0.0762792618394
50 90 0.19667926858
50 91 0.030336080614
50 92 0.0307009106983
50 93 0.139029956525
51 52 0.206420766918
51 53 0.180997184204
51 54 0.0419482055107
51 55 0.21127889612
51 56 0.148950564166
51 57 0.185857517074
51 58 0.138264714117
51 59 0.45579200282
51 60 0.223837337338
51 61 0.189811328624
51 62 0.0747997372991
51 63 0.000797276628027
51 64 0.0878187181619
51 65 0.368144655066
51 66 0.0100838419507
51 67 0.137023784819
51 68 0.224989529116
51 69 0.0964613957634
51 70 0.215169045342
51 71 0.0374003380514
51 72 0.0481453334407
51 73 0.255115385792
51 74 0.0955657858983
51 75 0.505429996182
51 76 0.200909576786
51 77 0.249391320243
51 78 0.406939244012
51 79 0.253662479395
51 80 0.0370976000184
51 81 0.108860202966
51 82 0.09927931181
51 83 0.120215824104
51 84 0.18156843502
51 85 0.248803402245
51 86 0.0373054747843
51 87 0.261521000954
51 88 0.207093537355
51 89 0.108615194886
51 90 0.194666714115
51 91 0.0934050809035
51 92 0.236839174499
51 93 0.507856816585
52 53 0.864020808341
52 54 0.057677781254
52 55 0.232069891926
52 56 0.303096018658
52 57 0.0950172082216
52 58 0.0796382624442
52 59 0.183753284599
52 60 0.0705923786121
52 61 0.0812163021331
52 62 0.211836134379
52 63 0.0990483864116
52 64 0.741884212048
52 65 0.0617053188468
52 66 0.657410802432
52 67 0.502951932932
52 68 0.349245275873
52 69 0.238616846428
52 70 0.250696201905
52 71 0.048018936517
52 72 0.022264310623
52 73 0.153302944055
52 74 0.540780251091
52 75 0.31776813059
52 76 0.248767574449
52 77 0.266202230475
52 78 0.1059260408
52 79 0.0782198173199
52 80 0.0670477608411
52 81 0.204690115288
52 82 0.183721832189
52 83 0.441367863673
52 84 0.279884220332
52 85 0.459497038808
52 86 0.176773584947
52 87 0.509003658047
52 88 0.323780868427
52 89 0.23586618683
52 90 0.333465915686
52 91 0.270001200873
52 92 0.369790694349
52 93 0.427250135831
53 54 0.0667913992779
53 55 0.284039621588
53 56 0.340038941786
53 57 0.11782128438
53 58 0.222123931059
53 59 0.0785133899069
53 60 0.141712638814
53 61 0.352135247798
53 62 0.362129262428
53 63 0.289295228376
53 64 0.819400079421
53 65 0.12097089761
53 66 0.655720949488
53 67 0.544394401911
53 68 0.47885220393
53 69 0.266854020986
53 70 0.327800058214
53 71 0.205023313834
53 72 0.152347996357
53 73 0.173747341862
53 74 0.439266746688
53 75 0.517492520718
53 76 0.339417541283
53 77 0.386333399628
53 78 0.260809379346
53 79 0.0779670636753
53 80 0.00361484904329
53 81 0.261579994222
53 82 0.256787475218
53 83 0.408832830198
53 84 0.34025763287
53 85 0.478289136448
53 86 0.202658526926
53 87 0.564308659232
53 88 0.314286605319
53 89 0.371232001677
53 90 0.442892006716
53 91 0.247410610565
53 92 0.388119648834
53 93 0.509924678098
54 55 0.0622123829415
54 56 0.303230223913
54 57 0.0456367191832
54 58 0.0680343622815
54 59 0.404254596433
54 60 0.300799355063
54 61 0.224197370272
54 62 0.419552753548
54 63 0.0170537167339
54 64 0.109670132064
54 65 0.152591928325
54 66 0.0185873523772
54 67 0.186892716827
54 68 0.251051790491
54 69 0.143429623567
54 70 0.106563399036
54 71 0.0270186383516
54 72 0.166155227592
54 73 0.28402679711
54 74 0.138346518865
54 75 0.16386304211
54 76 0.0797152181998
54 77 0.0684796097843
54 78 0.175270977532
54 79 0.255165907975
54 80 0.186522917778
54 81 0.302325268105
54 82 0.04571259334
54 83 0.47747004827
54 84 0.305728116731
54 85 0.61528001244
54 86 0.65217526076
54 87 0.169214980199
54 88 0.145250985165
54 89 0.468281735583
54 90 0.389234997226
54 91 0.292858334463
54 92 0.112879352994
54 93 0.180590473599
55 56 0.537696711995
55 57 0.191065915108
55 58 0.326734239758
55 59 0.316958678118
55 60 0.0973997716285
55 61 0.460171620289
55 62 0.49433710698
55 63 0.637560144232
55 64 0.383791427828
55 65 0.324896044637
55 66 0.488987050652
55 67 0.404924618605
55 68 0.471682881262
55 69 0.320938447419
55 70 0.462142302358
55 71 0.177186009839
55 72 0.148054382863
55 73 0.266498701168
55 74 0.448627691158
55 75 0.57783871092
55 76 0.251473603904
55 77 0.709827164548
55 78 0.0285880184519
55 79 0.292216447872
55 80 0.492197579434
55 81 0.386931257982
55 82 0.0168647066433
55 83 0.525927506178
55 84 0.35696501392
55 85 0.207124395133
55 86 0.113495006735
55 87 0.258790199331
55 88 0.315773661611
55 89 0.454437639261
55 90 0.457349963842
55 91 0.52786435661
55 92 0.345489872445
55 93 0.652182177485
56 57 0.0828093482611
56 58 0.0705835694863
56 59 0.308606597213
56 60 0.0162570593243
56 61 0.36579951737
56 62 0.361976333855
56 63 0.582076798377
56 64 0.329827796263
56 65 0.30914052333
56 66 0.343769807806
56 67 0.230215496004
56 68 0.292083375471
56 69 0.187653611665
56 70 0.208442211217
56 71 0.0444405528319
56 72 0.215733674076
56 73 0.518296843509
56 74 0.327718439398
56 75 0.49880305414
56 76 0.150529027381
56 77 0.59687432452
56 78 0.11460956951
56 79 0.48500861643
56 80 0.120977583547
56 81 0.378747546548
56 82 0.393830132648
56 83 0.366509621553
56 84 0.409376764752
56 85 0.51627563964
56 86 0.25889616527
56 87 0.389221306185
56 88 0.110518716848
56 89 0.27839268338
56 90 0.316762428774
56 91 0.333968191752
56 92 0.220259919031
56 93 0.542332710766
57 58 0.000725448302184
57 59 0.005463628721
57 60 0.221330047518
57 61 0.195564895904
57 62 0.0563784556017
57 63 0.303254673017
57 64 0.0248534751568
57 65 0.133544044156
57 66 0.138845420227
57 67 0.0206111581407
57 68 0.0263398533112
57 69 0.257908729717
57 70 0.37163989112
57 71 0.133837711759
57 72 0.110706604654
57 73 0.0743203599438
57 74 0.389796106192
57 75 0.0478667741045
57 76 0.142790174411
57 77 0.0913112762138
57 78 0.243672793217
57 79 0.00110636521788
57 80 0.40560736628
57 81 0.112719885817
57 82 0.19601232893
57 83 0.0643871828894
57 84 0.020424227562
57 85 0.272064897477
57 86 0.149634815586
57 87 0.16179519761
57 88 0.150032102432
57 89 0.0525564598799
57 90 0.0637949207323
57 91 0.154179876538
57 92 0.193716766662
57 93 0.0184289291647
58 59 0.00411956939957
58 60 0.0973610318179
58 61 0.224121423825
58 62 0.345384075707
58 63 0.0932582018405
58 64 0.213339404226
58 65 0.00348607383064
58 66 0.202779113786
58 67 0.15953885059
58 68 0.175972787412
58 69 0.137106893868
58 70 0.221782454015
58 71 0.291293130844
58 72 0.389643537987
58 73 0.148743134476
58 74 0.079595167956
58 75 0.155191442751
58 76 0.0149304437351
58 77 0.258215034301
58 78 0.0790455371019
58 79 0.0831179715752
58 80 0.00682586991493
58 81 0.161407132494
58 82 0.232750285375
58 83 0.204192518454
58 84 0.0211440526648
58 85 0.153695248644
58 86 0.0701712401914
58 87 0.15079471118
58 88 0.111672158886
58 89 0.40586307041
58 90 0.33037116025
58 91 0.00672956569414
58 92 0.387362739965
58 93 0.232727745555
59 60 0.0201695462475
59 61 0.272903578419
59 62 0.293735554583
59 63 0.157467716713
59 64 0.316424664144
59 65 0.398275638078
59 66 0.273816835134
59 67 0.370239577332
59 68 0.466086518386
59 69 0.206872397201
59 70 0.0677755955502
59 71 0.0461608999876
59 72 0.0356048699653
59 73 0.452753370401
59 74 0.0816411914975
59 75 0.431620824108
59 76 0.156339553579
59 77 0.276859938451
59 78 0.103731404388
59 79 0.414486536602
59 80 0.0559758322058
59 81 0.210431043837
59 82 0.0384719595968
59 83 0.548271234399
59 84 0.334107312637
59 85 0.595739173272
59 86 0.29107093284
59 87 0.324434933018
59 88 0.0966028232604
59 89 0.491781143082
59 90 0.516068270789
59 91 0.505927236964
59 92 0.125470251151
59 93 0.637169541291
60 61 0.215710668913
60 62 0.509262007323
60 63 0.244133046938
60 64 0.16246691452
60 65 0.373754567379
60 66 0.180941193417
60 67 0.453599965593
60 68 0.440515154096
60 69 0.163193436146
60 70 0.254547232167
60 71 0.0760292498987
60 72 0.168356360999
60 73 0.418149057102
60 74 0.0539622771618
60 75 0.299051838969
60 76 0.271430775058
60 77 0.384209984785
60 78 0.0496719276466
60 79 0.146906380078
60 80 0.413189372607
60 81 0.350206487777
60 82 0.226156631619
60 83 0.131234623129
60 84 0.381329512975
60 85 0.200989551525
60 86 0.342068305065
60 87 0.0233615244089
60 88 0.429880659836
60 89 0.417903151287
60 90 0.346391464883
60 91 0.374221029447
60 92 0.17847871179
60 93 0.0224030179399
61 62 0.272690579162
61 63 0.546935550716
61 64 0.283039710625
61 65 0.544363325641
61 66 0.285060021868
61 67 0.331349167623
61 68 0.468299027246
61 69 0.141588541299
61 70 0.119009107757
61 71 0.357969095248
61 72 0.290930437877
61 73 0.237541505386
61 74 0.0246530641878
61 75 0.554902543165
61 76 0.40952466565
61 77 0.476142131914
61 78 0.0109454480828
61 79 0.310794434222
61 80 0.145137941608
61 81 0.1639071778
61 82 0.0522988284445
61 83 0.478791396787
61 84 0.505611843254
61 85 0.402940544579
61 86 0.35800325023
61 87 0.432562165032
61 88 0.167337696297
61 89 0.357461735181
61 90 0.292785586213
61 91 0.469973306725
61 92 0.160998200725
61 93 0.527828075385
62 63 0.346235885826
62 64 0.448006395732
62 65 0.377783949736
62 66 0.555212793749
62 67 0.414529483962
62 68 0.497213039005
62 69 0.286272854406
62 70 0.530869504071
62 71 0.208730246209
62 72 0.181922120172
62 73 0.525125328397
62 74 0.2316027468
62 75 0.584804834216
62 76 0.237332113179
62 77 0.467612767732
62 78 0.0754229078923
62 79 0.286732906432
62 80 0.437793444563
62 81 0.521796955343
62 82 0.415130369831
62 83 0.515522324422
62 84 0.550329678702
62 85 0.467495105679
62 86 0.328203515932
62 87 0.0583159935387
62 88 0.370211630202
62 89 0.629122851337
62 90 0.632473728786
62 91 0.457576859805
62 92 0.420884582099
62 93 0.351934561092
63 64 0.350692533529
63 65 0.587066410867
63 66 0.396266030357
63 67 0.454847081083
63 68 0.53108795891
63 69 0.121707157029
63 70 0.388961536198
63 71 0.386431851837
63 72 0.0338533243483
63 73 0.532881127853
63 74 0.3459752149
63 75 0.530666526311
63 76 0.261506665946
63 77 0.595022165164
63 78 0.108487001198
63 79 0.503521506635
63 80 0.524701174254
63 81 0.442269177678
63 82 0.260055670019
63 83 0.181605399713
63 84 0.57779925553
63 85 0.161816080356
63 86 0.272256169362
63 87 0.234558155847
63 88 0.367785107148
63 89 0.278941896027
63 90 0.280767131986
63 91 0.447386658842
63 92 0.134187139614
63 93 0.448862069205
64 65 0.278823819188
64 66 0.768542972678
64 67 0.658592029525
64 68 0.621308165278
64 69 0.397005625403
64 70 0.338119804904
64 71 0.150669236836
64 72 0.173836898453
64 73 0.302869811608
64 74 0.402070678384
64 75 0.547876231656
64 76 0.496847405781
64 77 0.416740289935
64 78 0.282425200192
64 79 0.11425412192
64 80 0.0780816916482
64 81 0.388653702928
64 82 0.143259221721
64 83 0.530945238382
64 84 0.378442538333
64 85 0.483134663188
64 86 0.289736380545
64 87 0.612351287421
64 88 0.305718824475
64 89 0.634590993348
64 90 0.67663224841
64 91 0.416196545603
64 92 0.386828419945
64 93 0.67305776221
65 66 0.13469164712
65 67 0.440610938807
65 68 0.601668428284
65 69 0.0364292561041
65 70 0.330716780948
65 71 0.0517112190984
65 72 0.150866220309
65 73 0.714299276946
65 74 0.0544739150028
65 75 0.671856313682
65 76 0.483335405572
65 77 0.493726571358
65 78 0.14586628895
65 79 0.494567474638
65 80 0.383234218956
65 81 0.313368543422
65 82 0.139861008117
65 83 0.0920092281509
65 84 0.600709393303
65 85 0.314993672772
65 86 0.225187813842
65 87 0.304889674355
65 88 0.443377389312
65 89 0.421573334125
65 90 0.409774724645
65 91 0.348247027867
65 92 0.134796247698
65 93 0.446279448091
66 67 0.649917562172
66 68 0.557220262794
66 69 0.332906320867
66 70 0.269147702777
66 71 0.0157371999825
66 72 0.0777503070288
66 73 0.302545088286
66 74 0.317393843921
66 75 0.489135054324
66 76 0.405107206201
66 77 0.550646869152
66 78 0.0605342762865
66 79 0.244079077542
66 80 0.0177401025913
66 81 0.351550874286
66 82 0.268290979908
66 83 0.53852419125
66 84 0.529165979993
66 85 0.371809991416
66 86 0.104160590667
66 87 0.389821789439
66 88 0.354078627849
66 89 0.466239742401
66 90 0.532725207383
66 91 0.598094446738
66 92 0.476402760927
66 93 0.515856014082
67 68 0.931431605775
67 69 0.499713673451
67 70 0.236008390085
67 71 0.183887842777
67 72 0.0185281477191
67 73 0.379199284893
67 74 0.379130761325
67 75 0.607127648196
67 76 0.503337985001
67 77 0.621288988829
67 78 0.174981696236
67 79 0.381552965376
67 80 0.223956865962
67 81 0.315817839193
67 82 0.0910315383497
67 83 0.381675933948
67 84 0.637052444123
67 85 0.518302718158
67 86 0.0759134093804
67 87 0.640307045226
67 88 0.694815998855
67 89 0.706288640723
67 90 0.720497487527
67 91 0.725756178835
67 92 0.113764687479
67 93 0.492980189312
68 69 0.532560136147
68 70 0.3475720082
68 71 0.132739261142
68 72 0.0633282898764
68 73 0.437712693848
68 74 0.313350107327
68 75 0.752417286104
68 76 0.580528784279
68 77 0.664251338939
68 78 0.249685934718
68 79 0.445461677368
68 80 0.318068536575
68 81 0.419453351323
68 82 0.161463418808
68 83 0.445366216674
68 84 0.725211684914
68 85 0.599131492672
68 86 0.0987956788819
68 87 0.700429588058
68 88 0.661772791007
68 89 0.777026561207
68 90 0.784979783561
68 91 0.722199982806
68 92 0.122789826619
68 93 0.630234097071
69 70 0.107874766655
69 71 0.00705152327533
69 72 0.297061306807
69 73 0.0781671048143
69 74 0.413806273551
69 75 0.32934793117
69 76 0.421654940772
69 77 0.248437002256
69 78 0.418047553615
69 79 0.13042319576
69 80 0.329605685355
69 81 0.143514026486
69 82 0.352183701682
69 83 0.506613997416
69 84 0.327205145215
69 85 0.200332345786
69 86 0.159236413059
69 87 0.354397235544
69 88 0.550601814942
69 89 0.593066449381
69 90 0.60505625837
69 91 0.467064358659
69 92 0.0492932557183
69 93 0.346101875262
70 71 0.0341740015901
70 72 0.0307790442927
70 73 0.258926419293
70 74 0.34555567268
70 75 0.512265193746
70 76 0.00812520906097
70 77 0.361091018758
70 78 0.105469993796
70 79 0.343931858352
70 80 0.670435987864
70 81 0.587455774767
70 82 0.330071154904
70 83 0.226846226067
70 84 0.307257920045
70 85 0.233939319164
70 86 0.170436179475
70 87 0.0231624028653
70 88 0.219385762468
70 89 0.221228702111
70 90 0.24755811332
70 91 0.192650238495
70 92 0.189162637232
70 93 0.400805128165
71 72 0.194245644629
71 73 0.126399843528
71 74 0.0554513887657
71 75 0.0311300409414
71 76 0.131033568786
71 77 0.0175514006824
71 78 0.261834029697
71 79 0.281092912759
71 80 0.115905281946
71 81 0.0085489086103
71 82 0.273583464071
71 83 0.167600139349
71 84 0.0151274636982
71 85 0.0263579103697
71 86 0.0514132863908
71 87 0.0932587605704
71 88 0.0891582916099
71 89 0.14420370159
71 90 0.108510651999
71 91 0.0805030930989
71 92 0.147958846982
71 93 0.174141801658
72 73 0.0876579094677
72 74 0.114525739935
72 75 0.257531702651
72 76 0.100244329028
72 77 0.268994134845
72 78 0.0655177407868
72 79 0.22502506042
72 80 0.194130157118
72 81 0.184343898235
72 82 0.28827180092
72 83 0.0958486881627
72 84 0.165668516139
72 85 0.198343548621
72 86 0.0745893505795
72 87 0.445316142084
72 88 0.122185701434
72 89 0.071168229553
72 90 0.0106162910339
72 91 0.0486464186393
72 92 0.0634723839453
72 93 0.327294289682
73 74 0.212117167087
73 75 0.490225188694
73 76 0.4414083719
73 77 0.434848051994
73 78 0.113190142762
73 79 0.596311851138
73 80 0.29975072372
73 81 0.440649459937
73 82 0.136714078088
73 83 0.185588879329
73 84 0.703833237076
73 85 0.451362704512
73 86 0.44505070588
73 87 0.143919507887
73 88 0.44046225968
73 89 0.328889606159
73 90 0.364517609371
73 91 0.375756469291
73 92 0.198864353124
73 93 0.361999450157
74 75 0.342142033392
74 76 0.152856662406
74 77 0.434149630775
74 78 0.166387026669
74 79 0.244380265456
74 80 0.433384882216
74 81 0.122578045413
74 82 0.0281704074849
74 83 0.46753760606
74 84 0.247308408631
74 85 0.262477857726
74 86 0.372900369362
74 87 0.358924209669
74 88 0.581365341112
74 89 0.237579546334
74 90 0.257865459524
74 91 0.349469684887
74 92 0.0132538110866
74 93 0.362988422995
75 76 0.522445676821
75 77 0.800922208945
75 78 0.355912907034
75 79 0.50088214262
75 80 0.337299070784
75 81 0.226731237444
75 82 0.151074693949
75 83 0.496576589972
75 84 0.590098933604
75 85 0.576613072599
75 86 0.155228503128
75 87 0.57194945995
75 88 0.532909281085
75 89 0.596503952526
75 90 0.646214917232
75 91 0.616186002095
75 92 0.167228214917
75 93 0.755177406882
76 77 0.412385463186
76 78 0.380072493087
76 79 0.115719395669
76 80 0.106492266173
76 81 0.148624722282
76 82 0.0904224989944
76 83 0.35755439134
76 84 0.625878596366
76 85 0.341079214756
76 86 0.159381328532
76 87 0.599512730672
76 88 0.490247120608
76 89 0.458260531167
76 90 0.483129451511
76 91 0.477311934347
76 92 0.157796385585
76 93 0.485893021
77 78 0.00440848761774
77 79 0.528809099329
77 80 0.312820906026
77 81 0.289805476661
77 82 0.068368403923
77 83 0.447361377855
77 84 0.554508969099
77 85 0.421335077202
77 86 0.0894645360411
77 87 0.511150197337
77 88 0.615505148972
77 89 0.524026038183
77 90 0.539912707838
77 91 0.637974466059
77 92 0.125786865742
77 93 0.655357512982
78 79 0.110289124791
78 80 0.152598515697
78 81 0.186708523731
78 82 0.244969766513
78 83 0.0619564152829
78 84 0.105056793047
78 85 0.142266953339
78 86 0.0582789503849
78 87 0.143813109744
78 88 0.14851148475
78 89 0.27668803109
78 90 0.386550963703
78 91 0.16340633082
78 92 0.151860684015
78 93 0.289769794475
79 80 0.291771378741
79 81 0.234450399209
79 82 0.19759792625
79 83 0.119951592342
79 84 0.605281235142
79 85 0.592999257998
79 86 0.136741669246
79 87 0.228536964264
79 88 0.358051910939
79 89 0.304521081726
79 90 0.338693648764
79 91 0.541189586422
79 92 0.16364059713
79 93 0.38231952184
80 81 0.394666359144
80 82 0.128690307358
80 83 0.159191643238
80 84 0.334067080937
80 85 0.0429860495648
80 86 0.327905920067
80 87 0.106354067088
80 88 0.464214135998
80 89 0.304443648857
80 90 0.274709712447
80 91 0.349178432837
80 92 0.200459644252
80 93 0.161400697258
81 82 0.148144585715
81 83 0.262678872785
81 84 0.543502418488
81 85 0.35169802918
81 86 0.259875546731
81 87 0.14789363948
81 88 0.162027914707
81 89 0.39124635782
81 90 0.389326613562
81 91 0.13719545415
81 92 0.411470714007
81 93 0.375270634982
82 83 0.207940600531
82 84 0.0988388220435
82 85 0.0714418847416
82 86 0.147055809293
82 87 0.0659244857844
82 88 0.100313836254
82 89 0.150363200895
82 90 0.207146805452
82 91 0.0723156269526
82 92 0.162885207476
82 93 0.0613954736926
83 84 0.392975733676
83 85 0.592414123956
83 86 0.575838357958
83 87 0.468603160708
83 88 0.256659878696
83 89 0.550147867036
83 90 0.515936504755
83 91 0.635836992992
83 92 0.226813754668
83 93 0.654809895028
84 85 0.60350146869
84 86 0.281760725074
84 87 0.450488236165
84 88 0.65060783065
84 89 0.487843277729
84 90 0.519985083521
84 91 0.624281541834
84 92 0.257002968697
84 93 0.432838692279
85 86 0.352288869636
85 87 0.591783177774
85 88 0.290427340595
85 89 0.644576545089
85 90 0.673922761836
85 91 0.583912584779
85 92 0.0352030448117
85 93 0.57835735285
86 87 0.0404811022033
86 88 0.142217097339
86 89 0.249376106445
86 90 0.163810625839
86 91 0.280345958623
86 92 0.0393266138612
86 93 0.2783151074
87 88 0.43766524534
87 89 0.533577175866
87 90 0.545630355552
87 91 0.418629039319
87 92 0.110366056899
87 93 0.668796507905
88 89 0.463699236703
88 90 0.482690985812
88 91 0.512325717418
88 92 0.0183763297021
88 93 0.243712443321
89 90 0.975095207492
89 91 0.637637300083
89 92 0.0924690683719
89 93 0.605439183743
90 91 0.641615303608
90 92 0.128485433759
90 93 0.64151727414
91 92 0.15706524751
91 93 0.531719599554
92 93 0.240711567825
