5
0 1 0.03
0 2 0.02
0 3 0.04
0 4 0.06
1 2 0.10
1 3 0.11
1 4 0.09
2 3 0.07
2 4 0.03
3 4 0.06

#########################################

5
0 1 0.10
0 2 0.11
0 3 0.12
0 4 0.13
1 2 0.14
1 3 0.15
1 4 0.16
2 3 0.17
2 4 0.18
3 4 0.19

----------------------------------------

0 0.46
1 0.55
2 0.60				PASSOU
3 0.63
4 0.66

########################################

5
0 1 0.997345192
0 2 0.631922216
0 3 0.50931438
0 4 0.403336595
1 2 0.995486835
1 3 0.546245144
1 4 0.506924772
2 3 0.856050668
2 4 0.783803439
3 4 0.141683185

---------------------------------------

0 2.541918383
1 3.046001943
2 3.267263158			PASSOU
3 2.053293377
4 1.835747991
